11000011001101111111111100000001
00111010001100010011110100000000
00110111110110101101111111010010
00110010001000101001111111101100
11110011001111111011000101000100
11101001110100101011000110001100
00001110100100101011111100111000
10110111011110000101100001100101
01101111010110010011100010110111
01010001001011001101111110110000
11100101000101111000001000000101
01011011010100010001101001101010
11110011011100111100110011000101
00100101001011011000000010110011
01011011001111111011000011000011
10101000001011011110111100000110
01000100010100101111011001100101
11110111010111100100011001111101
00111011100001111011111110011000
10001010111000000010110001011101
11100000111010110000000001100011
00110110001000010011000000101110
11110100110101010110010010101011
10101110000001011000011010100101
11000110110000010000110001111110
10110111011101000101100010100011
00101101011111111101110100011100
01000000011100110111010100010111
01011101110011001011101111001111
10001100111000001010100110001011
10111010101101100011000011001010
10110111111000011011000000101011
01001101100101010000110101111110
11000001110000001000111111011110
00011111111000111111101100111111
01101000110000110000001001010010
10010110010011011000100001001110
11000101100100111111010101110010
11100101111010101101000111011010
11001010101100010110101100000101
10010110000100001110011010110000
00100000000000101011000101010011
10001010101101011011011000011001
01011010001011010101010011110011
00011111101011011110000001010111
10101101010000011000111100000110
10101100110100100111010011011010
00001101101001100000000111111110
10011000011001001010101111100101
11101100110010001010101000001110
01100110110110101100111101101101
00010001011101001001110100000100
01000011000000100111011100011000
01101111101001010100010001010100
11001101111110010010011001001101
11000010111011101101000100100010
10100000010111100011011000111101
01011001100101011110000110111101
01000000110001011101110010100010
01010011001011111000001001100011
10101100000001110101011001101000
01010010010110110110100010100011
01010100111100110010011000101111
10010011011011000000110111001010
10100000001100100100000101011101
10111001011011100111011000100001
01100110100001000110010110100111
10110111011010001001011011100110
11011110110101100011000100101101
10011100001000010101001010100011
11010101110011011100010101110111
11101111110000001111001000100110
10011100111010000001010101110000
00111000010100100100001111010100
10100101101101101111011011100010
11000011111010110110010001001100
11110101010011111001101010100010
10010000010111001000000101111000
10111010010011100000100001110010
11100110001110110101111000010110
00100010101101000101000110000000
11101010001101110011011111000000
10111000101100001001101000000010
10010111010010110100001111110100
01011000011001001000000000011000
01000001110001011100011100111010
00010100001110111001000011001010
11011010010100100001011001111110
10110010011110010000100000100001
00101000111111000101010100010011
00010001111001101001110011101101
01000001100100100000101101111001
10001011001111010001110100100000
01011000100011100010100100001100
00101100101011011010110110111011
11100101100010011001000000111110
11110001100000111000010110111111
10011000110111111001010101010001
00001101111011100110111000110110
10010111110100001100001100101111
00010101010011100100100100111110
11110111100011000010000011011010
10111011110001101011100100101110
01011101000100011111100001011110
10100000000010110011011110001101
10110000111000111111001011011000
01101100100110011000000100100000
11101110001011011101000000100111
01001110100001011110101100011000
01011100110110001011011111110110
11010001000010101100110100001110
10001011111111001000000011101010
10110111101010001010010101000111
00100000000100001100001000101000
01101100100111001100100001000100
10101000000100010011101001111101
01001111001000110110011010110101
00111001111101100000001100100100
01100000111011111110010001001000
01001001100000111100101010010000
10011100010000111000011111100100
00011010010001111100001011010011
10010111001111001111100010100100
11100111111100111110111001111110
01011100001101111000011111000100
10011110000011000100101101001000
00101110110101110101001000111000
01011000011010010111011111111111
00110101111110101000111101010010
10100110101110000011011010010110
10110000000111111011000101100001
11101000000110011100110111100011
11100011100000001011101000101011
10101111010111101011110000000111
10001011010001100111111001101000
11110101010100011100111111010100
11101101000000100010010000110010
10111000000000000000111110101011
01011101000101001011011010001100
11000001001110010010111100100101
01000010110001100001101101100010
01011101000111100010101011000101
10110000000000101000101100111100
11110010111100011000110000000100
10111001111100000101010000100111
10001001000111011001000111000111
10101011010110101100111000111000
10110001101011010010111101001110
11011100100000000001010001101010
10110000100000000010100011001011
10111001011100001101001100111111
11001001000011001000111110100001
10101111111001010101110101011001
00001001111001010010000000001100
10010101001100011110111001111110
00100110000101101010101000110101
10010011100001010111010100010100
10110101011000011111001111110101
00101010010010011010110001101111
00110100101111010110111110000110
01000110001111000010111101000110
11100100100110110011100111011100
00011101000001111001011010100000
11101011100111100000100010111011
00001101111110010110100111110101
00011000100100100000011001000111
00010000000111111101100011011111
11100101011011010011001110100110
01001101110011011100000010101000
11110111011110111101101100101111
00001111111010101110001101110011
00111111011011010101000101111010
10101000000010001111110101001111
10101100010010011100001010011011
00100011100010100000010010100110
01010000001000111100011111111100
00001111110101100100001111011101
00110110011000101101110001110000
00100011110110000110110111010110
01010110000101101000000110001000
01100100001101111101110001011011
10101000100011001000011010001110
00010111011100101110011011110011
11110010001001010111110010001001
11011100101011010010001011001010
00101110011110110001000110100010
00000101011010110011000010010001
10101001101100011011100010100101
10001111011111100101101011011101
10010011010010101101011011110100
11011101000110111001000001111001
11110111010101111110001110111101
10010100011011101110101010100110
11101001010110000010111001101011
10100111001100011011001111000000
11100110011111101000000000000101
11100110100100001100100011011011
00100001100110001111100111000011
00101111101010110010001100101110
00111110100000111111011110101101
00101100001101101010101111001011
00111100000000110101011010100110
11010110110000010110101000110101
10100101110001011001111111111111
01001111011010000111001001111111
00010101100111001111011101010100
11010110101010000111011100000011
11110000011000001100011111110010
00101011111111000010011100110111
11001111011010100100011011100101
01000000111000001010111111000110
10110011111000010011110111111000
10100111100010000100011100010110
10101011111001111010101101101000
00010111100100101100011011011111
00110111100000010111111001110011
00000100010101011011100010001001
01011110100101001100001000100010
10111111001111010111010010001111
11100001100000010111000000100000
00101000100101111101000011000001
11101101101111010001011001010010
01101010100110110010100011010100
00010110000110110100100000010100
00000100111100011111110011001001
00111101111110000000111111000010
00110100011011011110011110000100
00100010001011100011000000010000
11000100001111100100011011101100
10100010000101100011111001110011
01011101101011011101111000001101
11001111110111010111100110011011
10001111110010100110000010100101
11011100001011110100001000110011
10011010011111011100011101101110
01010111010011101000001101011000
00111110000011000000010010110010
00010010011011011111100001010100
00011101011001101100111010011001
11101111000101001000100101101001
11100101001010110010000111111011
10110101111100011111101111110010
10011110111100110010010000100001
10110000001100111110100101111011
10101010001101100000101010100011
01100100010111010000000101100111
00011000101000001001101100100101
10011000100101001001001011111001
10110101101010001111100010100100
00110101011111101100111110111010
00000100001000111110111110011110
10100110111101111111100110111101
11010110111111100111100101110100
11001110000010110000001110001000
00110110101000100000100001101100
00010110001001111001100001000101
00101101101101010110111111111001
11110001100010100110000010101000
00101100001011111000100001010101
01000001111101100010011011010111
01010111000011101000001111001011
00100000011010011011111011010000
01100010011101111100001111101000
11000000000000010001010010011100
00101000010010001101100010111000
10001010010001001000100111101010
10001100100110100011110011111110
00110001010000101000011001000010
10010110000001111001000011010111
00000010000100101011101110010001
01100001111001000011000011101101
11001001110100111001000110001100
00111101001011111010011110000110
01101000011010100000011100111110
10110001010110010100101111110000
11010010110001110000111000011001
01101001000001000111010111010011
00100001010011110101111010000000
10110101011101100001100110001101
00110100100111000010110100100011
10101110000111100101101110000011
00001111010000111101101101111011
00000011110010110010011001111001
01100111110001110101110101011101
01011011101111000101111011101110
10001001011011100101000010110000
01010011111111100110000110110001
00100000001111110110110001011110
11010100101011011001111101010101
10110111001110110100010101011011
10101000101111110010100111110000
11010110101010011011101010001110
00100110101011010111011100000111
10001110010010010101000001011011
01101101010110001111100010111110
00111101001011010111001110110110
01001110111001011110001100101111
00010100011000011011010100011100
01011101101101000000001100011110
11100001101000011011110000110100
11101101011100110011010111110011
00001011100000011100101000010110
01010011000100110101100010110100
00111001001001100011110110000010
10001000101000111001101000011111
10110010101001001111100001101000
00100101001000000001010011100101
00011011100010000001101101000011
10111100001010101000101001110000
00100111001000100110010010010011
10111110111100001011111100000101
01101000010010111010010011111000
10110100100011111110110111110001
10111100111000010100010101010111
00001100100011010010010100001000
11101110110100011010010111001011
10111011111011111011001110010000
01100011101101011001101011100100
11011110110010110100101100110110
11110100100110001011011001001111
10111110110011100101001110001001
01011111001100101010100000001110
11100101010000010010000001100100
11100010001101100010111111000010
11011111101001111011111010110101
10110110010100110001110011010110
11110001100110111101111101010001
01100111111010101011001110101110
10001001000111010110010110000101
00000100011110111001000100001010
11100011101100000111111100100111
11100011111111001100101000010000
11001000011100101011110010110111
01001101001001001001100011100110
11101010110111011101000011101011
00110000000011100001100010111010
11100100111010010001011000000001
00011011001110001100101011110010
11110000000001011111100111111010
01101010001011111000000110010110
00110101000010110100010011010000
00010100011010111101111001110000
10100110110000011000011011110011
01000101011000001001010101000010
10110010011100101111101000101110
10110100001011101101101101010001
00011010001001011010101000010010
00011110000010011000111010101110
10110111010010111011010111001100
01100111010110101110110000010110
10100110001000110001011011100011
01000000100111111101011100011000
01001011100001110101110001110100
00010111100010010010101001101110
11000000010011011011000101010010
11000100101110001000010001111100
10110001000111111110000000111011
01101100010001010101111010111101
00111100110011101000100001001010
01101011010001111000101100111111
10101100100110010111100111100000
00010001011111010110000110010111
00010100011000101001001111010101
00110000101011010010111101110101
11000111000101011001110101010111
01010110101001001010110001011010
10011011111100001110101011100001
01001100110000011001101101001011
00110010100010001001110010110100
00010111000000111001111100010111
10111010101111100101100111010111
11100011001101001010110110011110
00011101000111001010011110011110
01011100000111101111100001011000
01011101000011011010010111101001
11000011100101010000100001111110
01100110011111100000111100110001
01010011101110110100011101100111
11110010001111011101111101100101
01000110100000111011111010101000
00011111011110100101110001001110
10010110101111110111010101110100
00110100011111011010010101010100
00101010111111100001011001110010
01001011001110111101011011101110
11011001001000000101000000011100
11010111000011011011011010110010
11101000011110110110111110011000
11000100100011000011000010000100
11101100010110000101100111110001
01100101000010111011011010010111
00100000111110000100010001010010
11000110000000101011000100011010
00000100001101010001010101111101
01000001000100110000101101001001
11011100000100101011010101000010
00111011101011001011101101011111
11011101011000010001011101010001
00100000111111010111100000001011
10110111110111000001110110101001
10001100000100011111011011000100
00000010111100000011010100001011
00101010000101000111000110100000
01000010000111110000101010011010
10010000000100110111100010101000
11011110010011110010011100100110
00100101011011101010011100010110
11010010010111010001000001110001
00110010110100100001100111011101
00111110100001000011010010001111
01001100111111101111001010100011
11010101101001100100101010011000
11100110100101101111101001110110
00100101011001111000011100001010
11110011111011111010001111010011
10110101110011000101001010001100
00001110001001101011010101101001
10010000010001110011001110101101
01001100010111010000111011100001
01010000100101100111010001101100
00100100001000101111001101101001
01101111101111011010100111001111
11100110001111001000010101010100
01100110011110010000101111010001
01101111010101011100011010111111
10100000000000001000010001000111
00111111110110111111010100001111
10110101110110110110100101000100
11011100100100000110101110010010
01100000011000001111001010111010
00001111011110001010001000000001
11101011101100110011100000001011
11100001100101000101101010010110
11110010111011010011011111111010
00101110011111000110110110111101
10110111110101110101011000001111
11101001101010101111000110111001
01101110011100100111111000100110
10110110001111101010101000000100
01000001000001001110111101000001
10101000000011011001000011001010
01000101111001001000010011111001
11011111111000110000101011001110
00011111110100111110011110111110
00111100100010111100110111100110
10111110100101000010100010010000
11110001010111001011000000111101
11101001110111100100101101010000
01001101001000011001000010100001
10010101000111100110100010110000
11001100101000111100111010101110
01010001110001000100001011110100
11101011010000110101110100010001
00100000011011010101100001101100
10011100010000101101110110111111
10011011011001010101111110101011
00110011001000111000010111111111
00001100110010100110111100000001
00010001010101101110110111001100
11011100110111101011100000001001
10100001000000100101101111110111
00011001110010101000001011111010
01001111100101011101000110010011
00110011000000111100000111011100
00011100010100000010110111101001
01010001111101101110101100011010
10110011100101111100110110101111
11110100100010101000000000001101
01010011101101000011011000101110
00001111101100011110111010111111
10100011011011001000000001010100
10001101101010111001010100001000
11001100000001000100001001000101
01100110000100011100000000011100
10111110101010000010000110000111
00010000001111101111010101100010
00011100110100111111100010101010
11011110100011100111110000110010
10110111010011101001010100110110
01000010010000001011001111101111
01001000111000110110000010100000
01011001101010110001110100000000
00111100101111110011110011101110
00111111110111111000111100100111
01011001100011010110110000100000
10011110100101110000011010010101
00111110100000010010101110000101
01010100010111000101011001010101
01000001101101011100111010011000
10001111001100101110000110101011
11001010010010001111011101100100
11110000000110011111111101010011
11010010101010100110010010001101
10101110001101111111111101100110
01010100100000101100111101010110
10001001110011100110111101010000
01100001101001001010011000011000
10100110000001001110101111101111
11100110111000100001001000101110
01011111010100110010111100010100
00100001000011001000010110100101
11001001100101100000100100110000
10011101010011100110101000100010
11001110110101101100100100011000
11101101111101011000110010111000
11101100001110000010000100001010
11100100001001010101001101010100
01001101101001001110110000001001
00000011101011000010010011101101
10010011100001010101010001011100
10101111001000010000110111110101
11010101110011100000001001001101
10110111101101100101010101110001
01010101100000111011100100110011
01100111111101000100011111001111
11010110100110011101111110100010
10010111101010000110110111100001
11011101011011111110010100100101
00100110001100000000010011111101
00100110110100111001000101001010
01010101111010001110010111010000
10001001111000110110110110100000
11000101110101101011011001100111
11011111011100001101010111101000
10001011000001000000010101001111
01101001100110011001101100010111
10100111011000100011010010001101
00111110100110000100111111011110
01010001000110011100011110111111
11110010111101101001101111100000
00100011100111111010011000010011
00010111011100100011100111001101
11100110111111111100010010010100
01011101000010100001100100101100
11110101011000101101010000101111
01100010100101101011001011001110
01001010000111011111011011111001
01011011011000100001101110011111
11011011000010111010111010010010
10101100110001110101001101000001
00000110100110000101101111111101
10100101111000100101000010110000
11110110011111110111010001000111
10100011100011011001101010011011
01101101001000110001001011010001
11101100011111111110110111001100
10110110110100110101000010000010
10010101000001000100101110000110
10110011000001011000111111110101
10011100000011010100010010011101
01000000011111010110011000011000
11001000110101001011111001011100
11001001010111110011110110110001
11110001110000001100110000001110
10100111010100000110001000010110
01000001100111110111101111111011
10101011000000001010110101100010
00001010110110110000011101101010
00011110100110111100011000111001
00010100010010111101001000111111
00001110011000110101010001011101
01100010110010000010011110000101
01000100000101100001011111100111
11000100111100010001110010100001
10110011010111011011001110101110
00100101111001111000101100010011
00001110001000001111011110001010
11010010100101001000110100010001
00011100100111010101001111000000
11011100010001100110101110010110
10110100011100110100110111011100
11101010011011110001101010101110
11001100000101111001111100010111
10111110111100110011111101110010
11010101001001000101110001011001
10010111000111100101011101101001
00001100111110001100011111011101
01101000010010001001011010100101
00110100100101011011000000111101
00111010000101111101011001011110
10100000001011011110001110000111
10001111101010110000101110101101
01011100011001011011110110001101
00111100111010101001100101000111
10111100001010111011110111011100
01011100001011101100100101000101
11001111001010000000001110011010
11101011011111011101100110101111
01000000100100100001011101111000
10010000011011010011110000010100
11000000100001001011101111011001
10101101101011110011100101001110
01001001111111111001110001010110
10111101110101000101010100110011
01001010101111100110110001111101
00100111001110111100001011011100
01001000000011100111101000100100
10111100100101100111000110011010
10010010001010001000100100100011
10111101100000101100100111001110
01010110101100010010100111010000
01101111000001001111010011010000
00110101101010110100111110110101
01011011000111100111011010110011
10001100011010001011110011111001
10010110111011000101100011100001
11100011101101000111011001011010
11001100001110100000110011101010
01101100111111101111101000110100
00011101111101111110001001000010
10010100100111111000101101011000
11011011110111011100011111111010
01001001101111010110001100010111
10111101100001100111010110101100
10001101000101000101001111001110
00100110000000000011010101011001
10001101100000111000110011011001
00111110100111101100110011110111
00110101000011000000000000001011
11101101011011111010100111010010
11000101101011001010010101000100
01101000110010001000101000001000
10001100011101100111011101111001
00100001100111101001000100100010
01011110011111011101110100100100
00011110101100101110010011101111
01100100001111010010111001101011
01101111111110000000000101011000
10100101000011111100010000111000
00011000000111101111010101111000
11110110111101111100100101011010
10010101010101100011100011101010
01011001100011100111001011011111
10011000100010010100001110010011
00000000111000011000001011001101
01100011101000010100011101010010
11110011100001011010101111000011
01010111101000101110110010001110
00111000001001011010110100100110
10110100001110100100001110011101
00110000010101101111011001101100
10011110100111100110100110110010
11101100010111000001101100101001
00111001001100110101000111101001
01100000001011100010000111010011
00100101111000001001101110011111
00100111011101001001100000100100
01011111011101010000011001010000
11000000111010111001000111000000
10010110100000000111010111010011
11100000011100000010010111101000
10111010001111001100110010001100
00111101111001011110111111011001
10001110011100110001110001000011
11110110101010101011001001000011
00110000110010011101011001010010
10011001001011110111110011001000
10011101110010010101100111011100
01100011111111001110010010110000
00000011010100101110011011100110
01001000110111101000000100011101
11101000110011101110000011110011
10001011110110100010000000000011
00101000101010000110010000110100
11110011111101100101010001001101
00010000000000111100101101100000
00011110101000100101100110111101
00000111100010100110110111101010
00110100110110000010110101100001
11100010101101011101000110101101
00111111001011001110100101001101
01010110100011110010100100110001
11010000110111100100000110000011
01100101100010010010000010111000
00110111101101111001101001011100
11101101110010100100001111001100
01100110100100111111111110000010
01001110100111111011110011000001
10001011000000011001010001110101
00101100101001101010100011000010
11101011111100000000110010101110
00100111111000000001101000010000
01010000000111100011100011000111
10111010000010110111101010011100
01100000000010100110001100011010
01010101110101110100001100000001
11010010011111110010110010011011
10100011010001101101000111111110
11001110111011110101101000101000
00000001001100111100111111001111
00101100101001110110100000001100
11010100110011100001000011001011
01011100000001101000010000011111
00110010110100100000110111100001
00101010001110101110011101011001
01100111111110111110110111101110
01011100100110011100110001101111
10001100010010001101110001110111
00100100011110010101011010000110
01010110101101101011010001101101
01011000010010111111000001000011
10111010101111101101011010100101
00110000001111011000001110010001
00000011010011011110101110110101
10110000110101000001010111001001
10011111000111111001011011000110
00001011100010001100001010000101
10110010101001100110100110111011
01000110100110001001000000000100
00001101010100011111001100000010
00101101100101000101110001110110
10101101001001001001110100011100
00011000011101110000011101101010
00001000000111101011011100110100
01101000011100011010111100111101
01011101001100001001011000000111
00010100111011001011010001110101
01001101010001100000111011100101
10100001001110001011001000110010
00010111001001111011100000100100
11000110100110001011101101111110
01001100100001110101101011100100
00011111001110101010010001000101
11100100110000011001001110010010
01000100110001000100110011100011
11011101001001100101011001001010
10111100000011110000110101100101
11000100111001000010000000100001
11101000100000000001110000110111
01000000010100110100010110011110
00101101101111001101011010110010
11000111111101001111100010100101
00011001100001100110100110010001
11110001001000000101101101101110
11100011110010110010010100001001
11000101001001110001000000001110
00110100001011011101001101001110
11110100100011110111101111011101
00010010011000101101100111111001
00110100011111010100100000011111
10110111010001101010111001100100
00010101001010011010010101110111
01010101010010100010000100000001
00011100000110100000100101101100
00110100001111011100100101101000
10110110010010100100010000011111
01011101110101110111101101101010
00100000011100101010001010011100
00011001001100011001101110011110
10110001011010001010110010000000
10111101101010011111011100001100
00011010000000011010101100101011
10101101010110100111001011010110
11110000010111011000010111011111
00000101110010011010011011011010
11101010111100101010010100011000
11001000100110100100100001101100
01010110101011101110000110100110
00111011100101001101000110001000
01000001001111100110100011001011
01011100010111010000111100100011
10010101000110110111000011100101
11100111111011111000010111110101
00000101000110100010001000100101
01001110111010110010001101000000
11110110101101011101001000110010
00011101000011101011000101110110
01000110101001101001111010001100
10010000101110001010000010111111
10101010000010010001011001111101
01100001011100111110111010001111
11101001000001001011100101110101
00100010100111010100110000001110
11100101000010010111010000111010
10010111011001100111101100101101
01010001010000110001001010100100
00001111011111000001001011000100
10010100010100101011010101111010
11110100100100101101010100110000
01101010010010101100101011100101
11010111001011111000010101101010
00100010001010110110011110010110
10011000101011101001001010111010
00001010011010111010110110110100
01001100000111110000100100101101
00110001110001100011011101000000
10001101011000010010011011101011
00101100000000101011001010110001
11100011111110100001011110110001
00011100001100110011001100001000
10101001101011110011100000111001
01010011111110110001111001001010
10101000100110000001111010110000
00001001000011000001010101011111
01100110010001001111001100101011
00101011111011110010010000000011
10101100000000111000010010011001
11011001111110010011000000010001
10010011011100011010011100010000
00001100101101101000000100010100
01100110111001010001101101000100
11000010000011111101101001101001
10100001011011001000100111011000
01010010000111110001111001111001
01001111000100010111110001100001
01011100101011011111010011110000
10011110101000100011111011110100
00100110110101011101111011010110
00110011101110111011100011101111
11001011010111001111001011000100
00010010101001000101100111111111
11000011000111110010100100101010
10110000100011001100011101011010
00100100110100100100011101011001
10101111101101100100100110101001
11101010110001000100011110000001
01010111011110000110101101011100
11001110001110001101110000010110
11000101101100001111101101100101
10101001110100000001010001011000
10111010111001000110100001010001
10110010110000111111010000010011
11010011000010000100110111010101
11100111110000011010001000011111
10110001010101011010111010111101
01010011010001000000010101010110
10100000011111100111000011000010
11010000110010111001101101001000
00010001011000101011111011010001
10001101111000100110000001101000
10110111010111010001000010011101
11010000010101001011111100111010
10011100100011110101111011001000
10010010101100101101110000110000
01100001100011101110100011111101
00000011101111011010110010101000
01101101110111110100001111011010
11001011000011101010010001000000
00010100100001010000101101001111
10110110100011010101001100101100
10110000100100001000110001010111
10111000010101111100100100000110
11100101000110011001011000111011
10101110001000100001101011000010
00011001101110001101101111011100
01101010111010100100110011100110
00100011000111011110001011010010
11011010000011101101111000111111
10010001001011100110110010010100
00100011101011000110010011101111
11001110011100111100000101011100
01010110011111000010000100101111
01011010010010000000011110010000
01101010000001111010111000001100
00100111110001110011100111100010
10110001010010001100011010001001
11000000111111001000101111001010
10101001001011100100001101110110
00110000011000100100111010001010
11101111101111111110000100000110
11010010101100111010111010101000
10100110100000001110000011111001
00010111011111011001011010100010
10010101010000000100000101001011
01000001010011101010010100110000
10001001010111011011101100010010
00100010010011001000100110111111
00111000001001110110010010000110
00010001011001001000010111010001
01011010100110010110001011011000
11101101001001100100111100111011
00100010000001101111011000011110
00101011101100000101001011110111
11011010110011011010110110010101
10100110011000010111001010010101
11101001101101100000010000000100
01000111111110001001010000001001
00001010101110010101110010101111
00100101100110100111100001110110
10011010010000110010011010011010
01011011110110100001110100100110
10001010111011001011110110011010
11000001011100010000100010000011
11110001010001110000101100011101
10011111000011100000111110010010
00101011000010100000011110101110
11100000111000110010111111111111
11000000111010110001000011000110
10101011000000110100100000011010
00100010010101111110001000110110
01100110011000111100001011101101
11010110010011000100111011011101
00011000011101111011001000101110
00100101001100011010110111101001
11001000001101011101110100110100
01000110110011010110010100000111
10101010101101000000111101110010
00001101111101010011110101010101
00001011010111100000001111110111
00100001001100111001001000100010
00000111010010011000101110110111
11001001001001000111001001110100
10101101111110100010111111010000
11010001010001101000000010001000
10100010110000000101100101111001
10001010011110110011010110111010
10001001010110011010001111011111
00100000011000011111001010010111
00100110111001011100001100000100
11000000101111010110111010101000
10110100010010011000110000111011
10010011001111011101010111000011
11110000001001100111110001101100
11100010100000000001000001010110
10010110010000100101000011001111
11110011111111110011001100000101
11110111011011011101000011000011
00011110011111011110100000110010
00010001110011110111010000101110
00101000011001010010100101001100
00010001011101000100011011000111
01001101100001001001100110111001
00011111110001111011010100011110
11100100000100110110001000000101
11010111111101010100111101010001
10010011110011010101010000100011
11011010001110110011010101110001
00011011011100000010010100001111
00011000101101101011001011111011
00011110110000000110101000000101
00011111011011011001010100111100
01001110011101001111011110011100
00101011001010000001110000111001
00100011110001110101111001111011
10110100101011000010001010000010
10100101111011100110100100111100
10001101110110101011001111011101
10010111011001100101010100011011
01000001010101101010111111011100
00111111000100110011000100010001
01000001101101010100010000001011
10100011001100001001011011111101
11110101000001101010000001011000
10011101110110000000001011001101
00000101101111111000100001011011
00000101001100101011111001001010
01011111011011000100010100000001
01101100001101011011011100101000
00101011101100011111000100010100
01011001010001001110011111010101
01100010011101100101100001011110
11010000101111000000000010010011
00100101110001100101100000000001
11011010010110011000100110001001
10110110100000100100011110110011
00010100010001001000010010000111
00011001010111001111001000011101
11110001000011000010101100100000
00001111010101001001011010111010
11010000000001011100001011010001
00010011011010100111101000101000
01001111110101100011010110110001
11101101100111010101111110001100
10001011000011010111111001101101
01011010010010101000010011111111
10111100010000011010111001111011
10001001100111101100000101111111
01101111111011010011111101011101
11001000100100010010011010001101
10010111110110101101010100000001
10001110010100111010111101000110
00100010010011000111101110100110
10010100110010101010100111111010
01010111111000111111100101000000
11010101110001001011110110101101
00101000111010111101000101111011
00101100001001001111100111000001
01010111011010111100101001110110
00001000010001101111011110110101
01000000110001111001101001111110
10101011001110011100001111011000
10010101101001110101100001000101
10111011010111010100010110101110
10100101100001010110011000100010
11101101000000111101111110101101
00001110100110110011001110111111
10111100101010110010001111110000
10100101110010011101011111111011
10111001111111111011100010000111
11011101001101101001101011110110
01010110001101111101000011010100
11100101010011011110010001001110
00000110100100011100100111000000
11001010101000000001111111000000
01010011101001011101110101101110
00100100110011100000110000011010
10111010111010100001001100001101
10100010110001000111001101001000
10111010110000110110000000110111
01001100011110011010011011000101
11010111011101110001110011111001
10011000101001011100001101100000
01000110100000001111011111010110
11101100011110111010010110011011
10100111010110000000110001110100
11010110010100000111000110111110
10111110101110010001100101001110
10010110011110011011100111100001
00010010001111110011101001101010
00010001100000001011011011100110
01011110010111100000001111100110
00000000110010010010011010010100
10111001101000110010111011111100
00110001111110111111011010010000
11110010010000000011101010010100
10110001110111111111101110100001
10011010010101110000000010001011
10101000010101100011101011011001
00001111101101010111010011101010
11000111000011111111110010010000
00110101110100101110100100011010
10110011101100000011000100111000
01101101011110011100111111010110
11011000011101001101100000110101
