11000111101111100110000101001101
10011000010110110100100011010101
11110001111100100101111001001010
11011101101100111001010101001010
00001100010101001110110000111010
01100100110111011111100001011000
11110000000100111110100101010011
01001001001101010110101100100010
00011001110110110100110111110101
01011001010001101111001000110011
10110110001111111101001011011001
00010000000101111010101110010000
01010001000100110100000001100111
10001111100001110101001000011010
10110100010011100100000111000010
11101010110000010010111001010011
11110000001000000100010010110000
01001110001001110100101011110011
00101100011000100100010101110100
01100000001010101101001000011110
11000100111100110010001110110111
11110111101000110100111101110101
10011100101011001101111010111111
11110000100000101111000110101000
10110100011111000011100101001011
00110000010100101010111110101010
11011111111111000011011101111001
10010100011001010011001100001010
01010100100001111100011001110101
11011010111100110100000001101010
11000111100011011010010010110001
00001001000110110010111110010001
00000001000010000001111100100110
10100101000110110010111011011100
00010001000101100101100111101000
10011110110101011010100011011010
11101101101010101100111011101100
01001011101000101010011011010010
00011011000100010001101000001101
00011100100001000000111100110010
10111100011010100011010111010110
11000011100000101111100000000110
00001111001111000010011110000100
10100000010100010010101110111010
11100101101000001110100100110011
01101110111001111001101111010010
10011101010111100101101100111111
01001110010110110111011100101000
10100000110000111001101010100110
11011000101101101010010110100010
11000001110101111001010010010011
00001000100001110011111111000011
10011110000100100100000111000101
11011010110100110110111110001101
00100111101100110001101001100001
01010011010001110010011011100001
10110000000100100000100111100010
00001001010101010011101100101010
10101111000010010010011000011000
01000111111101011010000110110000
10111101011100010001011011001000
11100101101010110111001010110100
01010100010001001110011100100010
10100100110010000000111011000111
01000110011110001001000111010011
01000010100100100101111000111101
10100110000001011101110101100111
00100010101111000101001111111001
00010011001100011000001011101111
01001000001100100010010011101111
00011110010011010100001111100111
11010101110010100011110101001111
11000001011110101001111111011110
11010111110101001110010011011100
10101001100000111110110110110100
01001011001110111101011001100110
10110010110100100001110101001111
10110011010111010101101110101001
11000101111000110000001010100010
00011110101100111100000011001011
11110111110110110001011100100001
01010000101111010111111001001000
11000101110111011100010100000110
01010110101011110011100000010111
11000011110101000000101010111010
10001010001011010011010010111111
00010111011110001110001001001100
10101010101010111000100110010010
00011000010011011011110010110100
11011001000001100000011101011010
00010100011100111100110000110000
00010000011111000100111010101100
10110110001011110000011000110100
00011111001101000110100101100001
10111101010111011110011010111001
01100101100000101010001111001111
00001001110011111101010000010101
11110110111011110110110001111101
00001110011111110101111110111111
11000100010101100001101000010000
10111001001000101110011000001111
11101100110000010110011000101000
10011101111101100111010101001001
11101100111000011101100000111100
10101010111000010100010001101101
01001111110011001100000001100011
01010010111110100111000111100101
11001100100011100011100011101010
11101101110110001010101111100100
10111111101011100110001110101011
11001001111111010101011011110110
01001010111010100010000100011100
11011101011001110110011000010010
01011101000100100110100000100101
00011110010101011110001000001010
10101110100000001001101010101001
11001010100110111100001010110010
11000000011110101101011011110110
11000000001111000000101111111101
00101100010111101100010111110100
10001010011010101101111100101110
10001001001000111010100011100111
00011111101001001001110100101001
01000100001101011010100011011111
00001111001111111110011101101101
00100000100110111011010010010001
10100001110010000101101111000101
10100001110100111111110010101001
00000101100010100100101111101011
00111110100111011111000001011111
11100110100001010101110111101101
10011100001001111111011001000010
00011100011100110001100100001111
11001001110001100110100110111111
10111101000010101100100110011100
10100011101000100111000010000101
11100011111101010100011110011010
01101111111010010110110011111111
10100000100101100111101010001010
01010101111100110000011011111100
10010010110101010111001111111111
01101100010000010101001000000100
00111101101001010100001010001110
10001100110001000000111100101101
01001100101010010010011101110101
00111010011001001101000111100110
11001010011010001111001010010101
11101101101001101110011100110111
11011001110011001100111011100111
00100000011000110101010011010001
11110100100001100111011010010110
01000010101000110000010110110011
10001001000001010001000010100010
01010100110011111100100110101000
10111100000000110001010110001110
00111111110101000110111110100100
00011101010000000010010111100010
01010101100101110001111110111101
00010010111110011111000111000111
00100101001010110100000000011010
01101010010111101001001101111110
10110011010011110101000000100110
10111000011011001011100010000100
11110111011110000110111001101001
10010111010111101001110010011000
00100101000100001011110000010111
01000000011110111001101111110000
10111110101110010111001110001011
10101010111110010101111001111011
11101111111001010101110011011100
11011001111110111010100101000011
01101011001111000111111011010110
00101101011001100011000100011010
10110000001011111001110001000010
11001011011110100110000111111111
10001110001100111010110110110101
01011110101110001111000101101001
01011010100001110001010101011001
11011111101111110101111111101101
11100101001000101010001101000000
10111011000110111101000011000000
01001100111001011001100101100110
00011101101110000100111101101011
11000000011001100011011101001101
11100010110101000101011100010000
00100100010100010001010111011111
01100000010010110101101010101000
10011000010111110101001010011000
00010011001000010110001011100101
10100001100101110111000001111011
01001101111001100110000100000011
00011111111001001100001001110001
10111010001101111011000010011111
11011100000110001001111101111001
00010000111000010001011010000110
11010011111101110000010100100101
00010000001011111110011101001010
00011100000101000010101101001001
11100000010111000110011101101110
11001000110010001101101100100111
10100100001101010001101100000001
01011100010111111110011111110001
01001111011111001001101100001011
01010111001001111101111010101000
00001101001010010000000111101011
00100110010010011110011000001010
01010110010011111001101001100001
10001011010000000100110010101110
11010100011011010100111110000100
11011100110000000100011010000101
00001001101100100000010001011000
10110100101101001010111000100100
00010011010110111010100011011110
10111000000101101101000010001001
01001110001010010001101000100001
11001110100100111110011001001011
11100100100111000111101100011011
10011100000110100111010010110111
01010111111111111111100001010101
10010111001101101011010001010100
01001111010111101110101111001000
10110000011001100100101110111000
10011110000111100110110100000000
01000110101101000011111100000011
01000110000000111111011101011110
11001011000110011011100110100110
01100000101001001111111001111000
01000000001110001011011010011011
01101110000100111000100100000111
01100101010000101000110101010001
00001000000010101111010010111001
00100011100111000111101100101110
00111000100101000000001011110011
11010010100000101100001011001101
00101011000010111010001101001000
11011001111100100111110100101111
10110001000101110001110011010111
11010110111010000110010011101100
10101011110000100110100011110010
01001000111000010001110110110011
01010000001111110000101110011010
10101010100100010010000111111100
00111011100100100100000000001111
00011101100010000111111101111010
01011001110101101010001000111000
10001100000100010000100001111110
00011010011010011010001100011101
10011011100101110011100001011110
01010010001001000111001011100001
10100110100001101000101111010000
11011000110001111001000001000110
11001111110101000011110010101010
10001110000111001000001001010011
11011101011111101001001111011101
10011111111010000011010110010010
11110101100111111111001010111010
01001000110110011001111011011110
00011010001110000011101010001100
11001001001100111111001100100001
00100100101011011100001110100111
11100101101101001100101100000000
00001000111010000001100100110000
10111001001010100101010100111100
11001000100111111010000000001011
11100111000010000000111111110001
11010101110011110110010010110010
01101101110000001000100100010100
10010011111110011000001000010110
11110010110101110110100110010110
11110000010101010100110101100011
11100110011000001101100100111000
11110010101101010101001100110101
11011111011010100010110001011011
10010111111011010101101101100001
10110111000000000110010101010000
11000111000001111101011110100011
10111001111110101101001100111101
10101111010111000110100010010111
11001100110010011111000010100000
11101101011011101101100110111110
01000100101001011011011011011011
11101100110000100001010101011100
01010011010110010101001111011111
00110000010010010100000011110010
11000010010110010010001111100111
00101110100001000011000100100011
01000111100010011010111111010000
10110100010111110110010101101110
10100101011100100111000101100000
11110011101001111101111000001110
00001000011011001001111101111101
01100001000111011000010100101010
10101111001100011110010011111100
01001110110000100000000011000111
10110011010111101111010000011100
00000011011010111101010101101101
11010111101000010111000011011011
01010011100011101100001101001011
10001101010001100110100010101100
00010011100010000111101010000011
10100101010100100110101000010011
00010010100100111001000111010001
01101100111101001011000001000011
01001110110111001011011101011010
00100001011010100111111111101010
11010101110100101000001000110010
00101000100111100010010000111001
00101011100010111100111111001011
01001010100100011001000101110010
11101001000000101100001100001000
11010100101101100010001011101101
11100100101011000010101011110000
11110000100010110111011110011111
01000011111100010111100010010100
11000111000110011001010101000011
10111101000111111000110010100110
10100011010100100110000111010011
10100011011000000000011111001111
01001011101111000000101010010001
01001101111001101101011111100011
01100011010000001011001010100010
10100101110000111011101010001110
10110000000000110010101111011001
10011010010011001001100100110111
01011101000010001000110010110111
00011101010110001110111101000011
11011011111101010111000010111110
10110011010101111011001110001100
11100111100110001111100110000001
10011010101111010000000101100011
11110100010110001100100100001110
01100101010101101000011101011110
01010110101111100100110000100111
01000101100000110001111010001101
11001110000110100001001001010001
11110001111001101100001110100100
01001110010100010011010101000111
11011011100000101110110100101110
00010000111011101110110010111111
01011110100111001000010111011100
11100011111111000110000011100010
01100000000101010001000100110101
10001101010011001001101011000001
00110001101001111011100010010000
01000101001100001110010001001110
11011101101010100000010101100010
01001111111000000100110010101000
00001101110100111011001111000001
00110111001101001101001110001100
11000000100011110110101010001110
10111010110111101001101011100111
11101001000100100111100011111110
11011111101001110000100011100100
00000110010010111110101000101000
01000010111111011000010010100010
10001110000001101101101011111001
10011100011100101000011101110101
10100010110101000100011111000110
01100000111100000111011001100101
10001101000010001011110101100101
00000110011101010100111111011100
10110110011010110100001010101001
10011110110101001000101001000101
01001001000100100111010100000101
01011010111000101001100001011000
11110111010110010010011111001100
01001010000111010011110000001100
11011000101010010001110111101101
00001000100010001110100001111010
00011101111001111001110000010000
10010101000110000101011011111101
00011011111110100011111000100100
10101010111010101101000001110000
10101111000010110111111110000000
11010000100101110010000101100110
00100011010110001101000011001100
00100010110101010110111110111000
01001111011010111111011000011001
00010001101010001001000111010110
00111011110010101101101010101000
11001101010000010101001000001001
01011100010101011000111110001010
10010110111011010110100001000001
11110000000001100001100010100001
00010010011000100000011111111011
00010011110011100000010010001100
00101110110110010100010101011001
10111110100100110111010001110101
10011001001101000101101100110000
11000110110111001011111001010111
10111001101101101110001011100101
01001011100101001101101010011011
01001110011110001110000010101101
10100110010111010000101011011000
01001010111110010000100001011000
11011001001010110101001110111000
01000001011000111100100111010110
10111110101101110010111100110111
10010000010011001011111110010110
00100010000001100000000111110001
00010101011101000111011001010000
00001010101110010001100000101000
10110101101000110000101111101110
01000011111010111100001111110111
00011000001101110100000101000011
00011100001001011110000011001111
00011101111111011111000001111111
11110000000111001111011100001000
00011110000001001000011110000100
00001000000100100110000111110111
00010100000011101000000011001110
00110100111010101000111010010110
11100010001011101011101110101111
10100000010110101011110111100011
01101110001111001111100111101011
10100000100110110111011101101100
00000110001111110111111111101001
10111111100101000001000100011000
01100111100101111101011000010000
00110001011111101111010010010110
00101000110001101000010101111101
11010110001010101001111100110001
11101110000000111100011111110000
00100011100001001100101110000010
01101010111010001001110110111010
10111011010111100101010100110011
00000000101001010010011110110010
11110010111000000110101000100110
10111011100010100010000111001010
00010100000100111100010100001101
01001110111100101110011010000001
00101011001001010101100111101111
10100110100111101111100100110011
01010110101101111010111011011011
00100110110100110000010000000011
11100001111001101010111010111010
11000001100001111101000011011101
10010011110010001011010111111100
11000101010110111111100010100100
10011101100111010110101100110001
10110110000011011110111001100100
00001111110000110001010011110011
00101011000101001010110010100011
11110100000100011001010101001111
10011001101110101110010010111110
01101101000101110011100011101010
00111111110111011101110010101101
11010001110100011010101000110000
11100001110111000000011111010000
11011101011001011100001100001111
10010001010101100010100110001101
10001011010101011111000011111011
00111101110100111010000011011011
10011101110011101000100010101111
01101110111100000100011111110000
11000110110011010101100101101100
00111010010000011010100111111111
11011000011001110001101001111101
01000001110000101011001001110001
00011001101100001010101110010000
00001011100000111110000111110100
11011001000110011000011010100000
10101010010101111000110101010001
11000001000011110011011010101011
00100111010100111100110010101010
01011000101100001001011100010011
00110111010100100000011011100100
00110111001100101001010000011110
01011111110010010111110011110100
10100010011001000110001100111111
00001101011101011000010101100010
10001100011100010000101111101001
00001001101011000011101000000011
10011011010001010100010110110001
00100001101000101111001101101001
10010000000101001001100101100110
00101100100100011110100110111111
11000110000110100000101010111100
10111100000000111011001101001010
00010011011000001011101111000001
01100000010101011110111010111011
00010011110000101111011111001011
00101101000011111010110001110000
01101110101111000111110100110010
11011011100011010100000000111010
00110001011100101010110000000001
11110100100110100010011100000011
11010011110100000011010101000000
11101000110111110010000100110000
00010010010111110101010001000100
10111110010001100110010110101011
11000101011001011001011101100011
10100010101001110111001010110100
10111011101111101000001010100100
10111111100100011010100011000111
10101011010100111100010110101001
00010001101000100000100000000111
01011011011110110001100110001100
11100111100010111000001000100010
10001111101011100100010110010000
01000011011110011011010000000101
10100110011110000000111101111111
00111011001110010010010010111011
11110100010010110001001110101110
00101111011011011011111001000100
10101100101111100000010010100011
00101011010010111110101001011011
11000011110010010100111111110011
01010010000010110001001000001000
01101010000001010000001100110010
11011001001100100110010110100110
10001101010011111100000000001110
10011101100011101101011110010111
11100111011011000000000010000110
10010101110010100111001010100110
00101000100101101111110110111110
01011001010011011100001101110101
11000101000100011010011100110001
01010110000000001111101101010101
01101000111001011001110100010100
10101010011100001100000101000011
00110100011100110010001010110010
00011000000101011100010001111110
10001011001111010100010000101101
11100001100010110000101001011101
01011011101111011001101110010000
10001011111100000000011100100001
00101100110010010001001111011100
10101011010110101111111101000110
11100001101000011101010010011111
01100111110101001000110000101101
00010100000001111101000001111100
01011101011100101111110001001011
00111101111110111011100101111001
11010110010010000000110000000001
00001111000111010101000111010101
10001110100110011111100000101100
10111000100000100010110111011111
10011011101111101000100000000111
01101010111101100000100001000010
10100111100111001111111001111100
11011000001000011110100011010111
01001001010111010000011101111100
00101000101100110111010011100000
00100100111110011000110111000011
11011110101101010110101010000000
10111011100101100000101010010011
11000111010000111100110001011100
01000110100000000000110100110101
00011011101011100100001000100111
01101010001111110101011110011111
00010011000000101101001110110011
00110111110001100100101001111001
11010111111001101110000010011000
01001010000110010001010100000010
10011100111000001011111011001010
00111000111111111111110011101001
11000110101000110001101011001001
11011001111111101000111001000010
10110011110111000000101010011001
10011101100001100100001101101010
00001110001000110011000010111001
10101101101011011101101101101001
01100111101001100110100101100110
01011011000001000001111000001111
00110101010111100000111110111000
01001111001000110110110110001111
00101011100001110100000011010100
10010111010111101011001110110001
01101000110111110111001011001101
11001010000110001110001110000011
01000100011011010001111100111011
01100110101001011011000101011100
10010100111111010101101001100011
10100011000111101011001110011011
01010011101001011010010010010000
00110100101110010111110010001111
11011011111100011011000000101100
01000001111000000110100010111101
00010001000101111010011011110001
10001011100011000101010100010011
10110000101100110011000100110011
01100000111100001110011101101110
01010000000010111111000010111101
00111101110100000010111111111110
00111101001010110001100100110111
10111101000010111000100011111000
01000100011111111011110111011111
01001110101111100110011010000100
01101010010101110100011001011001
11110001101010100110000011101101
00101010011011110010000001101010
10100010101000100000110011001001
00111101010011011101110010000001
01000011010001111110101111011000
01001111110111010011001011101111
11110110110010100110101001011101
01100001000001111111001100011110
01010001010011011101101011110111
10101010000000001101100000110011
01101000001110001111010110111010
00011011011110110011110110111101
11001011011101110011000001101011
10101110111100010001110111000001
10011010011001111100011111110101
00100001111101101100100100011000
10110000000110111110111000001001
01010011100000110000101010111001
11000001011000110101000011101010
10001001010100101000001101000110
00111101011111011101101111111111
11010010111010000100111010101100
00100000011111100101100110010100
00101111100111110000000000000010
10001110001000000000000100100010
00001101100001001110001011110011
00010001011010010111011111011000
10110110000011101000000010101011
11000011010100010010011011100101
10110011000011011100100011101011
00111101011010010000111110111010
11001010011000101101111011011101
00010100110001110000010001111111
11100010011100111011010010001101
10110011101010000111100000100100
01000101111001100101100011011000
11110000001010100101110101110000
11100111100001101101001101001111
11001000100011010000000101101000
10011100110111101001010100011111
01011001101011011100000111101010
01101000111001011001110010000010
10010100001111011110101111100000
10110000111011111011101011001010
10001101011010000001101111010111
00001011010101111010010110000111
00110000110111001111111100100011
11001100000000100110110010011011
01000011100101101110111010100111
01101100010101110011001000010001
00111100110010110010101110101011
11100110100110101010001000100010
00010001011100011100011101011111
01011001000010010000000111111011
11110001000000001101001010011000
10010011001110110111000111010010
01010011000111100101000111011101
00011010110111000001101000000011
10001000111100101001111110000011
01000010010011001010010011100100
11001100111101110111000011110000
01011001111100111100111001111111
11011001100101011010111001000000
10111001001011110110100000010011
10001101001100110011100010000000
11001000110110111111010101101010
00001111110010011101110110010101
11001000111010110000101010001010
11010011100000000011011101100001
00000101100001110111100111011111
01001110010111000100101010110001
11010000001110100010101010100101
10110111110100000101111000011111
11010100110111100111010101111011
00111011100011101110110101111101
11001111110101101011100100110000
10100100001110001101111011010110
00110000110100110100001110110110
01100011000101101001000101001001
11110000001001110100000100100001
11011000000000011010111100110111
11100110011010001101111010101100
10100111100010111110110101000100
00001010101111101110110010010011
10100101001100000011101010000010
11110001010100010100001101010101
10110110010111110100010110101000
11000111110000010110101011001101
01100111001010100101100111101000
10001000100110111100110101101110
00010010111000101101100001001001
01010101110010011010100000011100
01000001001100011000011000100010
01011110101111101101100011011010
01100110000011000101111001001110
11100010010100011000100100001111
10011100101000001010001001101100
00001000010001000101011000100111
11010110010011010001110111001111
11011001100101010010101001101110
10001000111011111000101100111010
00110001010110110100111101010101
01000011010010100000101001111001
10010011000010010111001101101011
11101011011000001110100100111100
11100001101001010110001001111101
10111111100100010101000100110100
00101100000010011011110101000010
00111000111100001011011011111100
00001011001000011001001111100011
01011101110101110011100000000111
11101101011010001100010001011000
11110110101110010001101010001101
00000111110111100100110011111100
11000100111001111010101000110011
10010101001011011010000011101100
00001110001011111001101000111000
10011000110010010100111110100111
00010110000100001111000001011010
01100100110100100101011110000100
00010110111001111101001010010111
11101011011000001001100011111011
00010111111111001000010111001111
11100001100100111000010001000001
11000010100101101010111110000100
00010011011010011001111010111011
11011011001100000100111010110110
00110111000110010010000001010000
11000110101110100010100101010100
00001111100111100111011000111010
10011011001111100011101000101010
00000110101100010011011001101101
10111011111010000010001010100000
00100100100110001101100000010110
01101101111010010100011010001101
11001001111100000000110010100101
11110111100100000000010010100010
10010100010110110011001110000101
01101011001000110010101001001000
11001101011010010110000101100111
00010000110000100100001000111010
00111011010111111111100100011110
11101100100110010011101001000101
01101110100100011110010001010000
01001011011100101100011000000001
11010011011000010110110111010100
10101001010111000100100111100010
11011001100110000110001101010000
10100110010000010110100000110101
10011000100001001011011110010100
00111010100101111101000111010110
01001010101011110011100010000001
10010011000011111011010010001010
10101110000000000100101001000000
10101001110000011010001100111111
10001001001101010101010010100110
10101011010000010000100100101001
01011110011111011100000000101101
10001010010101101011010011110100
11101011110111010100000101000111
01001001110011111001110100101000
10111010100001111101100010010100
00001001010011011111110011011001
10110100111111011100110000110101
10011010101111000010110000100001
10001111101100110111000101101100
00101010001110101001011010111111
11101100010110011001000010110001
10101100000011000100110100100000
01011111010110100011111000011100
11011010010011111010100011100001
11010010000010000000101101101000
01000100010010001110011011101010
00100000110001010101000000000101
01100010100000111110110101100010
11000100111001111001010001111101
01001101010100010110111100001101
01011011001011111000000000010011
00000101001010101110110100111100
01100100011101110000110010000000
00010011100001110010110100111001
10101101011000001110001011101000
11001111110010100100100001011111
01011100100110010100011011011111
00101011101110101011110100000010
11101100100010100011000111110010
11011101110001111111001101011001
00000011001011001101010100100110
10100100000011101000011111110001
11101111000101111101100101010001
00101011000100000011011001101101
10111010000010110010001001010111
00111001001110011110011010011001
00010100110000101001110110010000
01000011110011110010101000010111
01011110010100001010000011101010
10110100110001100010101100011101
10010110010111011110101011111011
10111011011100010001110111011101
01001001110111110011111111100011
11010100011101110101000010010100
11001001110000001010100101000100
00100001100011010111011110000000
01001101001010000001000010110010
00011111001011110010101001110100
00011000001100101101101100101000
01000110010100101001000110000111
10110001101000011011110101011101
10110010001101101011010110000110
10001101110110001101000110000110
10111101111011100100010100000110
10111110001111110100010001110010
00010011001100010010010001110100
10010011101010110101111011010001
01010110001000001010101010110111
00010101111011111100001111000010
10101110011111011100110101110110
00001101101100111011000100111001
00001111111110110110110000011110
10100001010101010000100110000001
11001110110000000010111110111010
10001000011000100011110110011001
10101101000100101000011001010001
10101110011111101110010010101101
00001010111100001111101010100011
01010010001100111000111010111111
01101100011100101101100011110010
10100100110010000011001111110011
10010111101011101000101101110010
11000110110110101001110111000010
01000100100111110010000110100100
00001111001100010111011010111110
00000001010000101111000111111101
11110110000001001000011110010101
10110100010110010000110100100100
01011110111100011001011111000101
11010101001100101010101001011001
01011001110110011001000101110001
00010011001101100001011000101100
10111000001100000010001000101001
11000001100000000110001100001000
00000000100111011010011001100111
00010101000010010110010111111111
01000011101101011010010100111110
11010111101101010001000000110010
11001110000101101111011011101011
10010111000100101001101011100101
00001101010101001100000011111000
10001110011100001111111110111100
10101000101110110010010100001011
10110101000001001000111111111010
11000011010111000011110110110000
01001001011100001100100111101001
00100000100010100110010110000011
11101100010100001101100011100001
00000101111110001100001011000101
01010010100010010001010110111000
01101000010110010110010011101100
00000101000011000110011111100011
01000010100101000010010010111111
11011101010001100100101101010011
11100101011001000010011001110010
01011011011001010111101010000010
00100100000010001000001110001110
11000010010000100101011111110010
00111010011001000100000101010000
10001110000111000010100111000111
10110101101001100111111010111010
11001101110100011101001011010001
00110011010011101111111101001001
01010000001011101001001110000100
00000010110101001101111001101111
01101011000011011000110000011110
00001011010110010110101100100001
01001100101000101001011110100010
01101001111010011001110011010101
11011100000100100000010010000011
00010101100101010000100010001110
00011001001010100100100010110010
01101001000111011011001111101100
00101000101000011010011100111111
11100110100001010101100010010011
01100010010101110110111010101100
10110011100010110010000001001001
01001011010011110000010010011011
00100101100000101100011110010101
00111011010111100101111010111001
00111101011101101011010011101011
11000101110000000110111101101111
11110101101001000111110101011011
00010111010000001100011111000001
10101111011011001111000111000111
11001110000000001011100100000011
10110101000010000011111100110110
00011001011100101111110010111010
00001111111101000011000000001111
00100110110001111001101010010100
11010011101010001110101010101100
00011010111011011011000100110001
01001100000000101011000000000000
11001100101001010100111110000010
11000011011010100011010010110111
00100101100111000110001111100110
10110011000110110000111001011110
10110011001101000011000011001101
11011001000110100011100000101001
00100001110111011010111100011100
11110101101110100101001101011000
10100011001100001001101110111111
00010011000011101110010110100011
00010110011110001111000111001101
11011010110000010001111011001111
00000001010100010101011100010101
11011110000010001011010000001110
01100101001110011110111111110000
10101001111101001100001000010010
11010111001011111010111101100110
11101001010000000011000110101011
00110111111001011111010101111010
10100110110100100101001001110110
11011010010010110000010110011001
00001010000000010011110010100000
11001100011101101000110101100011
10110111010110110101110011101100
01101000001000110110000111100000
01011101111111110110111010111000
11000101111001001011110111010101
00111010001001011000000011101100
10001100101011100011101101100111
01100100010110011110010011110101
00100100010000001111111110001110
00001111101100000001100000100011
00101100010101111110100001010001
11000000111011001111001000000101
00100011110001000111011010001101
11110001100010011111101001100111
11101100111011101110011111110111
00000011100001001001100011101000
11110010110000101101011100010010
11010011010000111001100000011011
01010000101110001001111101110000
11001010110111100111100101100101
01001011101001000000010011111000
00001011100011101100011100101110
00010101011101100111000001101010
00010001101001101000010010100110
11110101010111100100000011011100
11010100100110011110101100101010
10010001010000101000011000001000
11100100100011001001001110000011
01000011001011011010110111010010
00101100010110000011100111000110
10010111110001011000110001111001
10001000011000001100100010001100
00001001010100111001111110101110
10110101010011001000001000101101
00011000110010110101101111100010
11000101000001101000000011111000
01010010010111010110110100001100
10111011101100111011001001011111
11011010101011011111001000010000
10011000101010010001000110011010
11000100101011111011011001101101
11101010011011110010010000010111
11001010110100110111000010100101
10100100010111101010100101101000
00001011011010111101110011100001
00101100111110000001110010011000
00000110001100011010001000101000
10101001111000000010010101010100
10100100000011011111111110010100
11010101011001110010100001110011
00010011000010111100001000011011
11100000111000010010010011011000
10011110100000010000111000000111
01000100100001011111101010110011
00000010001001010100001100100000
10101111101111010111001101101100
11100010010111000000011111101010
11010000000010001111010100110010
00011100000001010000011111000100
01000111000001000011100111101001
01100111100110010100011000010110
00001000100100011010110110000101
11100110000000001010000011110100
10100110010101111100000001001111
11000001001001111101101011111110
00000110111000001001001000110110
11011011000010011001100010101101
10111101101111100110001111000011
11001111010101101001011111101010
01100000000011110000110100011111
11011000000011101001010101110000
11011001011110001100010010011100
01101111110101011101001010000101
00011101010101010110101000011110
00111101111111001011100011001010
10010011010111110111001101110010
01000110000110101100011011101111
00111000111101111111101110000010
00110110100000101010111110111111
00101111011101110011011101001101
11011110110011100010111110100001
11000100000010010101000101011011
00110000111111110101101010000010
11100010100000001111001110110100
11110000100100001011011000100101
00110011100001011111001100100011
00011001001010111011111010010001
11101001110100101101100100001010
10010111011011010011111110110111
00001110001001101011111010100010
10111001100100100001011000010001
11011011001101011000101010011001
11000110010101101010101011100011
10001000010100101001001101001101
11000010011101011000111010100100
10001000100001000010000001000100
11001111001111011111100100101110
10101000000011010101100100100001
11011001111001111001011000000101
00100100101000010110110001001011
10001101010100100000010010000101
01101011101111110000101101110000
11011011111010100001101110110110
00010001110100001110100011010000
11001101100110001011001011110000
10111000001111110110111000100011
01010100011111000111000110010000
10110110011110101000101010101101
10010011101000111100101101010110
00010011111100010101011111100100
01001001100101111110110010010001
01000000010111010101100100110111
