11111110101011110010111101111010
11111111100110000101111001111000
00000010010011100001010001010001
00000000110111011101011101111111
11111111010011110000101110011111
00000010110000100100100100110110
11111011100111110101110010001000
11111111111101011100010000110010
11111111100011010111110111100100
11111011101110110001001100011000
00000000000010010010111101000010
11111111111100101101000010011100
11111111000111110001100101010101
11111100000110011100000110000011
00000001000000110010011111001010
11111010110010110010101011111111
00000001110111111000011110011110
00000001000000101010011000110011
11111111111011110010001001011000
11111110011010011101001011001001
11111101111010100001111101000111
00000001110011001101000010111111
00000011010000100010011010010111
11111111101101110101111110110011
11111101100110010010011000110101
00000000000010000000101110011010
11111101111111000100011101110011
11111101100100101001110011100001
00000101100111101101100011110000
11111101110110001010101101000110
00000000111101101000110101011100
00000001001100000101101100100100
00000001111010110101001010010000
11111110010101111100011110011100
11111111110111011111010101010000
11111101011110101010101110000001
00000110010101000000001011110001
11111110101011000000000011011100
11111100110000010110000111010000
11111110001000010010110011001110
11111101111110011101001000111000
11111111001011001100001000011001
00000001000110100110101011011010
11111111010100101011110001001011
11111100101110110100101101001100
00000001111110011010011001100000
11111111101000001111101000111110
11111110010101111110011010010100
00000000000011001110111111111101
00000000001010101011100001011110
11111110101011011010111000011100
11111111110000101100010110101010
00000000110010100100110110011011
11111111010011000101011010001110
11111110011110111111110001010000
00000000011100111110111110101000
00000000010000001010010000100000
11111100010101001101110000101000
00000011101000100110101010010010
00000001011001001111111100010010
11111010010101001010111110001000
00000000010100101100101001001001
00000001101011000011111101011011
00000001000101111001100100110000
11111101100011100111101100101111
11111110000111010110111100010001
11111110011011000001110101111011
11111110010011001101001010111111
11111110111011111101001001111001
11111111100110011101010111010101
11111101001100010000100101111011
00000000000011000110110001100010
00000001011111100110110110001001
11111100011011101101001101011101
00000001101000101000111000111110
11111111111001100000011011001111
00000001101100000100000100011111
11111110100011011000011001010101
00000000100011101010110011110001
11111110010011010110011110111101
11111110001101101110010101111101
00000011011001010111111000001111
00000010011001110011001010000001
00000001110010100001011001000011
11111100001111001100110001011000
11111111011100000010001110101101
11111101101110010001100001001000
00000011100101001011100011001000
00000000010001001001000110111010
00000000100111000101101011010111
00000101001001010100101100011001
11111110111110111001000110010010
00000011100110011000111110101111
11111111010011111100111010101111
11111111001000011111011100100101
00000001101010101001000110110010
00000001110110111110000101000100
00000001011010111101100100111000
00000000100011000110010011111000
11111110101001010100111001010010
11111111010111001110111011111011
00000001000111001100010110100101
11111101111100001100011001111110
00000000010010000010100100011001
11111100100111000101010000001010
00000010111100100011001010000000
00000000110110101111100110111111
11111101010011111010000011101010
11111101111010010110101011110001
11111111111110111011111100101111
00000001011110100101111101100101
00000010101010011001100010001100
11111110111100000010010101001011
00000010101101000111100000000111
11111111101000001111100110001111
11111011011011100110000000010100
00000010001010111001011011110010
11111101001111001110011011101100
00000011110111011100111011111011
00000010101011011100101001011000
11111101000100101000110111101100
11111101101011011001001111011100
11111110111011001010110001111010
11111101010011000011001110010111
11111111000111100010011000000101
11111100011011110111110101000011
00000001100010010011101101011111
11111110100100001110110110101001
11111110010000011110100010011000
00000001100000000000100010100001
11111011100100001100101001111010
11111111000011100101111100101010
11111110100100111001010010011100
00000000011000111001101001110001
00000001101100001001101011000110
11111110101000011111001010111101
11111111011011111001000101110111
00000001110001110110010010110010
00000001000110000101011001000000
00000001010101000110100010001011
11111101110110010000001011110110
11111101011111001011110110001100
00000000100001011010000101110101
11111101110011100000110101011111
11111101101101111000010100111101
11111110011001110111100000110110
11111110001010111101010010100011
11111111011101001101010101000010
00000001100100100000110000011000
11111100101110101100111101010100
00000001010011001111111011110001
11111110000010011111001011110110
11111100101000101010100010000111
11111101101010110100010000101010
11111111100111100101110010101001
11111111011110111011010101101110
00000100010010100011100000100000
11111111000001111101101011011001
11111111000001101101010001000101
00000010101011001110011101011011
00000001100000010011100110000011
11111110011010010111110010000010
00000001000001101111000111011011
00000000110100001000000111010111
11111111001010101001101010101110
00000000111010001010000010110111
11111111011000110101110001110010
00000000010111100000000110100111
00000001010010010100010100011110
11111101110110110000011000011010
11111111010111110101110000010111
00000000000111111110000101101000
00000001011010111100111011111111
00000001100000011111001000011001
11111110110100111101000011101100
00000011010111000010011010101110
11111111110110000110110111100111
11111111110001111011101000000011
00000010110010101100110110001110
11111110111001010100111001110010
00000001001110001101111101011110
00000010111000111011101100010110
00000000111000001000111000011010
00000000011010010111000111001001
00000001011000101110101100101110
00000000011001101110111011100001
00000000110100111011011111110101
11111101101000111001011010111101
11111101010010000001101011111011
11111101000110010001110101011101
00000011000101011010001000000110
11111100010101010010111100100111
00000000001100010000111000100001
00000001110100010101010110010010
11111110000111000010010111101011
11111110100101101000101110110000
11111111110100010101111110010110
11111101010001110000111101000001
11111111010011100001100111110111
11111110111110100101110011000101
11111111001010001100101111001001
00000010110000010100000101011110
00000000010000110010111101001111
11111111010010001001100110001101
00000100111111010101100100001101
11111111001111001011001111111011
11111111010101011111000001011011
11111101010101010110011010000011
00000010101001111000110111100000
00000001011100100000100011001000
11111111111010011111111110010001
00000001100010010011100011111110
11111100010111111011110011101000
11111101000100010100110010100110
11111111110110101000011101011011
00000011010001001101010000011001
11111011111010110010101011000011
11111101111101000001000111100111
11111101110001011101100010110000
00000011100001011011110100011010
00000100111000011100011110000010
11111111001011111001111000000000
11111100101010011011110100010011
11111111100000111110010101011100
00000011001000101000101011110100
00000000101010001011111000101011
11111110010101110110011000011010
11111110010111001101100000010010
00000001111001111000111100111111
00000010001000101001101001111101
11111101001101100011010010100010
00000010011001001001111111000111
00000001010101101100110110010010
11111110100111000011110101011010
00000001000101100001100011111010
00000000000110101111001111000111
11111111110010100101001110000001
00000001100010111100001101001100
11111111100100010001011001101010
11111110111001111111101010101011
00000001110101101000010111010010
11111111011001111101010110010001
11111110110110011000101100110110
11111111111001110010011101100101
00000001011000111000011010011000
00000010000010001101111011010111
11111111101001100110011100001110
00000010011101001110001101101100
00000001101101101101000110000011
00000001001010010111000000000011
11111111110110101001100010111110
11111110101010011001001111110100
11111111101010000111100011000100
11111111011111101000001010011011
00000000011101011000100000110100
11111110111101110111101101100100
11111110011011110011000000000001
00000001000010110101111010110011
00000010100000001011000100110001
00000000110011001111010101010011
11111110010110111110010111100011
00000010000011111011010001001011
11111101000010001101001000010001
00000010100010001100000101100010
00000011011000110110100000110110
11111111100101100100101001110001
11111100001110011100100100111010
00000010010101010110101101100111
00000010011101101110010111110011
00000001010110011110001101010001
00000010111000011101010101111111
00000011110011011000001001111101
00000010100110000101001000110000
00000000101111010110100100011110
00000010001001011101110111010111
00000001011110001011011010101001
11111100111000100100100101110000
00000000011111101111011011011000
00000010000000011110000001101110
00000001101011101011011011100110
00000011001111000111101011010100
00000001111010010010001011000011
11111011110001000001011110111101
00000000001011000001000100011001
11111111101100101010110100101010
11111111000101100101000010010010
00000101001010110111000110000010
11111100010011010100010001110100
11111111110001100010111111000001
11111101110000110000110110101001
11111010101000111001100101010101
00000010011001001110100010111010
11111111001010000110011011011000
00000000101011010010101000100001
00000010001111000111100001001001
00000010011100101110110101000000
11111111000011100101001100001101
11111100110111110011101001100011
11111111000010010001000100011001
00000001000001111011100100000111
00000000010110110001100110100101
11111010111000100100110101101110
00000000001000000000100001010011
00000010000011001110101000000100
11111110011011101110011101000011
00000010000111001011100110000000
00000001100100110101110001001111
00000001110010111010010010001111
11111110010010000011000000111000
00000000001011001100110101001000
11111110101101100010110010101111
00000000100000011001110010000011
11111110100001000111101100011111
00000011110001000001010101000010
11111110000001110110010000010100
00000011101111001101110111101110
00000011100100101001000000010011
11111111111000001001010101011110
00000000110110010010101110111100
11111110111100110001111011100010
00000001100010111110110111110110
00000000011100111111000001111110
11111101111010100101011000110100
11111110111100011010000111110110
11111100100100010011111001000011
00000000110000100110110001000111
00000000110000111010011100110110
11111110110101010110010011011001
11111111100111010000111010001011
11111111001001000111010011010011
00000011001100010010100111111100
11111110100101001010111101000101
00000000110111010101010010111111
11111110101101010111000101110110
11111111110011111010100101000000
11111110010010110000111010100110
00000001010000001010101001011011
00000000101011000100100110111111
11111111111111110101011010000010
00000001110001000100100100111101
11111101111010100001001101100110
11111111111000010001000010011100
11111100100111100010011000101001
11111101001111111011110001100111
11111110001000011001100010000111
00000010000101111001110111100100
00000010011101110001100010010010
00000100111011001011100100100010
00000001101101101100011101111101
00000010011111001110111111011011
11111110011101111111001010010111
11111111110011010011100001101000
11111110111110001000101000011001
00000100010111111000100001101100
11111100100010010111000000010110
00000001001000011001111001010001
11111101001110111110010110001000
11111110000010000010100011001110
11111110001001101011101011010000
00000000111000010001110011000111
00000000110100101110110101110110
00000000011111011000001100111001
00000000010000111100010000010111
11111111100100101000101101011110
00000001001000100000000100100011
00000011110011001010100100111110
00000011111010100110100010101111
11111110111110100100001101010011
11111110110111011111110110110010
11111111001010000100011001101001
00000001110101011100000001111110
00000000100101000000011111101011
11111101111110000011100011101001
00000000001110101111000001111011
00000001000110011111101110110011
00000010101010011010010001011010
00000000010010110111000110011011
00000001101011011011000110000000
11111101100110001011101011100100
11111111010011001100010111010111
00000001110110010111101001111100
00000001100111111101011111000010
00000000100111100101001001000010
11111111111101000110110011101110
00000010011110100110110001000111
00000010010001111011110000010001
11111100110010001111001101101110
00000000011110011111001111110010
11111111010100111001101010101101
11111101010000000011110001000001
00000000111101100111001100110011
11111111100110000000011011011111
11111100110010000100000000001110
00000000100011010111100111111111
11111111001010001101010000101010
11111110001000101101101001001000
11111100100011111100010111100111
00000000101001100010111000100101
00000001000001110000100000111111
11111100110010010100101010100101
11111111000001101000000000101010
11111111000001111011100001111001
11111101110100110111111011011111
11111100110001010101100000100111
00000000011001110011000100110110
11111111010001010101011011100000
11111111110111110001100110111110
00000001100110111001011001111111
11111100111001111101110100110011
00000000010011111000001110010001
00000000001111011011110110111001
00000100110101001110011100011100
11111110111101010110010011101100
00000011101011111100000010101011
11111111010011001000110001100111
11111111111111111000111011011110
11111100001000110011100111110111
11111101110011100000011011000000
00000001101000011001001011100010
00000001111000100011101110110101
11111111111101001101010011110010
00000000111101000101110111101000
11111111100100011011101101001011
00000000110101000101111001110111
11111110011011101011011100011010
11111111100101111001010000011110
11111110010100111000100110010110
00000000001010011111000000010100
00000000011111111011000011101111
00000000101000010110010101101110
00000000001111011101110111110011
00000010101000101101001100100100
11111111101010110000100000001001
00000010000110010110000000101101
00000001010100001100011111101000
00000000101100001011011001010101
11111111001101100100110000101111
00000010101110011100001111101000
00000001000101000100110111011001
00000000011100110111100110100001
11111111010100100110001010111100
00000010000001111011000011100101
11111010110101110110000000000001
00000000100011110110000111110111
11111111110101101001010111010001
11111101111101010101011111101001
00000010001011000100110110100011
11111110101010001000000000001111
11111101111001100010000100111111
00000010011111111100100000100110
00000001010100100110111100111100
11111011111011111000010111110001
11111110010110101010010101101001
00000001110101110101000100100001
11111111010000010011111111000010
11111101010011010110000101010110
11111101000011100010011000111101
11111111000010101010011011001110
11111101010010100110011101110011
00000100001011110111110011001000
00000001010101100110001100011110
00000101100101010101101111000000
00000011000010110100000110001101
00000000010010111100001000111100
11111110100001000010101010111111
00000000001110001010100000000010
11111110101011110010110110000111
11111110010111010101010000000001
00000000110111011001011101010111
11111111001100001001011111110000
00000001011000100000000111011010
11111111010010111110100001000001
00000011111101011111011000100100
00000001100000101110011011001011
11111111011000110111010110111100
11111111010100100001011101011110
11111101101000000011001011111111
00000000101111110010100100110011
00000001100111010111101110110101
00000001001110011011101100001001
00000000001011000111011010110100
11111111000100110111100010000101
11111110000110101011011101001100
00000011110010001011011101111010
11111101110110101111011101010010
00000001100111111001010011111111
00000001000100111110011110101011
11111111100000011011001010100101
00000010110011101011110001111011
11111111111100101010111001011111
11111100111100110111001001111111
00000010101110110101011111011110
00000010010100111111001001110011
11111101001010001011110000110001
00000010100101001110001010011000
00000000000111111000011001011001
00000010000001010110000000101101
11111110110000010100101001001100
00000000010011000100011001011110
11111110101001100101111111010101
11111111100000110101111010001001
00000010010011010010001100011100
11111111010011001110011101011011
11111110001100101101001001110111
00000001001010011111111000001000
00000011110011111100000001101110
00000001000110010110011100011111
11111100001010010001110000000000
00000010101111110111001010001100
00000001110011110111010111001011
00000011011000001000001111101011
11111010101011110001011001110100
11111110101011001011100101111111
11111111010000011001110010000001
00000000011100000110011100011011
11111110100110110001000110010101
11111100011000100111110011001101
11111111010001111101110111010000
11111100010101000011110000000000
00000000000001110000101100000000
00000000001100011000010110001010
00000000010010110001011000110100
00000001101111011101110111111100
00000001010111100111111111110111
00000011100100010111011100111010
11111111100010100000110101110110
00000000011010111010100110000010
11111110001110010110000011000001
00000101001110100111011010110000
00000010000000010101101010011000
11111111011110101001010010010000
00000011101111000101111110111010
11111110101001101000001001110010
00000000111101100000011011001101
11111101100110000011011101000110
00000010001000001101001101001010
11111110111110011010000101001001
00000010011011110101110011101011
11111101000000100010110111000111
11111100110010001010011011111001
00000010000110010110100101111101
00000000101101101110111000100111
00000001001101101101001110111111
11111110101100111111011100010000
11111110000100001110001111001110
11111110001101100111100011100010
11111110101010010000000110011000
11111110010101011111010000010001
11111111010100001010110110010100
11111101111011001101110110001000
11111011110101001111000000001111
11111111000111111000111011111101
11111011101110100110000101011101
11111100100110111000010000101000
00000000110111001001100000000001
11111111100010011011001010100110
11111110001001011110001101111001
00000000110010111101100110100100
11111111000011010100101101011101
11111111010000110011011000111011
00000100001011001100101110111111
11111101111110000101011101001001
00000000001010111101110111101111
11111111001011111001110011001101
11111110110111111101000101101101
11111111011110000011001111011101
11111101110111111100110011111000
00000000111010111101010110010110
11111111111001110010111101100110
00000001001111100010100010000011
00000010000111101111111001010110
00000100100110011001100111001111
00000010010110010000100001100010
11111111010010011101100101011001
00000000110111100010100100101101
11111111010011100010101111001101
00000001001100011001011000011000
11111110101000111110000010100000
11111110010010110001100111111100
11111101111011010011011100101111
11111111111001101000011001001001
00000000000001000110011110101001
00000000111011111110110110011010
11111101001011111101111100110101
00000010000001001100000101110100
11111101111010010101101111011101
11111101111001000101010110011111
00000010101110001111111000010001
00000010010000001100111101000000
00000000110001111100111011011101
11111101111000010100010101011001
11111001100101001110100001101010
11111111101101010010100110001101
00000000111111101011110101110011
11111111101011000001110011011100
00000001011110010111011110101101
11111101111000111011101111110100
11111111111000110001110110001000
11111101010110111010101010011100
11111111000011010001010111001011
00000010010010001111000110000110
11111111101000100101000101110001
00000011111111101000100110000101
11111100100011000011001000100011
00000001101111011110011101010101
00000101100101111010100111010110
00000011110001100010000101110011
11111110001000111100001001101001
00000010001001100100100101110101
11111111101010010110001010010010
11111010001011101111110110001110
11111111100100101100000011000000
00000001101110011100100010001101
11111101000101111110111110111010
11111110110110000110000111001010
11111101000111111001010010011010
11111011110100011110010111010011
11111100010000001010001110001011
00000011100000000111000101001011
00000000111101001001001011100110
11111101000001110010100100100000
11111100100011110011111110110010
00000000100000010111101110111100
00000000000100010000111111110101
11111111110100001111011101101010
11111100110101011010001010010000
11111111110101001011111100011110
11111111011110101110110010111100
11111111110100100010000111011111
11111101110011111010101110110001
11111111100101000001001111110100
00000000011000000001001101010101
11111111011110001011111010001101
11111101010111100010101010011000
00000100000100001010000001110111
00000010100001100010001111001001
00000000001100001101001111110001
00000000010001111101010110010011
11111110101011010010100100011110
11111111011001010000110100110110
11111100011101111010000001000110
11111110001010001110111001111100
11111101111011010001111111001101
11111110101101101000010111111011
00000011101000110100111011011000
00000010101110100110000111101011
00000001111100000001011100100010
00000011001010101101100010011000
00000011110111111011101111011100
11111111010101000010010011111100
00000010101110010110101100000101
11111101000001011101000001101110
11111110110101010101110110000100
00000001010001111001111100100011
00000010011001010101100111110111
00000100111111000011111000111111
11111101011011110100001110001110
11111110101101111010011010011110
11111110011010001101000111100011
00000011010111111001111101100110
00000000010111101001111001110100
11111101010011111001001100010011
11111101001101001110101111100011
00000000110001100111010001011010
11111100110000011100011011110010
00000011001111001000001100001010
11111111101011010001101011101011
00000001011011010011011101010011
11111110111111011100000100111001
11111111111101100110001101000110
00000001000011010100111110010000
11111111010110100000111100111100
11111101010000111111010111010110
11111110111001011010001101101011
00000000000001000000010011001100
11111111001001001011101001011000
00000001100111100001111000111101
11111101100101111010110100011110
11111110101010101111100010000000
11111111111001101010101101101101
11111011111011111111001101111110
00000000110101001100000000100011
00000000001101011000010010000110
11111110111101101001011001010100
00000001101001011010111001111001
00000000100010111001100000001101
00000010111001010001001010001000
11111110101010010111101000100001
11111111111001011000101110101100
00000011001010010001110101110100
00000011011000000000001100111010
11111110000000010111110100000010
00000010000000101111101101010100
11111100001011111110100100010100
00000001111110110010100111101010
00000000001100100010100110011100
11111110001010011010100110011111
11111110011011001110001101101001
11111101111101000001111110001100
00000011001111101100010101100111
00000010001010111110010101001110
00000001001010110010001111011010
11111101110110011100111001010110
00000001011111111011010001001111
11111100110111110111010111111111
00000001010001000001010110001000
11111111001010011110000001001011
00000000010101101101110011101011
11111110011001110101110000010001
00000011110000110110010010010111
11111110110111010111111000011011
11111111000110101000001110000011
11111110001110101010101010010110
11111110110100000000100101011100
00000000100110101010001011101100
00000000111010110101010101010001
11111111001010111001100000111110
11111110001000101010000011110101
11111100101011011101000000000010
00000001010000110000011101011101
11111111000100000101010000101010
00000001111101101111000001010110
00000011100110000101000110010000
00000001000110101100101101001110
11111111100111000110101010110000
11111100000110111011111011110001
11111111001010101011110110101101
11111110110011110100100101011001
00000000111000011101000000111100
00000000011111011010111011000000
11111110011110000101011010111110
11111100000101101100000100011111
00000000001111100110011010100001
11111111100000000001001101001001
00000100000000100000000100101110
00000010010100111111101001101000
11111111010001110011111100001111
11111110000110111100001100000111
00000000011101010111010001000110
00000010101000001111101011101111
00000000111011000001011011010001
11111110010111001001100100010011
11111110110100111111100000000010
00000001000011001000100001100101
11111110001011010010001010000100
11111110111000011010011010100110
11111111001111010011011110011110
00000000001110110101010110100011
11111010101110011011111111011100
00000000001100011000011011101011
00000010100011101000111010111111
00000010001111001110110110111110
00000000000111010000100010110001
00000010011110011000100000100101
00000100001100111000101100000001
00000001110101010000000010010111
00000010100110101000100001110001
11111111111000111101000110001000
00000000110100011000100001011000
11111111000001100101100101011000
11111110100111100000110100110010
00000000110111011001000010101001
11111100000101001111001100000010
11111110010011010010010100001100
11111110101101000101110000100110
00000000011001001010110010000001
00000010101011101001000101111111
00000001010010111010000101111000
00000000001001010001110010100100
11111011001000110101001110000010
11111101111011010010001101000000
00000001001100000101101001110001
11111101001000010111101111010010
00000100011010000011101110001000
00000001100101010110011000111111
00000010000000110011011100111000
00000000010011000100111110010001
11111111001111001100000011000100
11111111110100111010010110011100
00000011100100110100010000100101
00000001011111101010110011011110
11111111110010000011100101010011
11111101101001101001001100011101
00000000001010101100001100110100
11111011010111110001100010010101
11111111101111100000110110110011
00000101010000111010011000000100
00000100010000011001011101111101
11111111110110000111000101110100
00000001001111101111011000101011
11111110011110000000011111011010
11111110100000001110111001010000
00000101100001011000000111110011
00000010110001100101011001010100
00000000111101001011100001100111
11111000011111010111100001110001
00000001111111011100110011100101
11111101110001010111100111010111
00000000011001111010101110010110
11111111100110111110110101111000
11111110110001010111111010111101
00000000100001101001110100100101
00000001000111010111000100110111
11111101110110010101000010011000
11111011100011100110111010101001
11111110110101100010110110100100
00000010010000111101111101100110
11111100100110001010011001111001
11111111001011001100000001110111
11111101000010101111011101110010
11111100001111101011111011100000
00000100001110010001001010111011
00000011011111001000000011010111
00000000011010000000010010011000
00000000011110011010000010110110
11111100100011000111100001000101
00000000100010110010001110000010
00000000100100001110010010101101
11111101001010000100111111111001
11111101001011010010010101011110
00000010100110101100011100001111
11111101111001100001100000110110
00000100000010000010000101010111
11111101111100101111010111010110
00000010101001010101111111111111
00000010000101011110110101010101
11111110011010100011100100110001
00000000001001001001101010000100
00000010110111110000101010111010
11111110111110100000011111100100
00000000100101011100000001110111
11111110111101001010001010101111
00000000011010011000100000101000
11111110101101111101001010111101
11111101110011100110010011001100
00000001001010011011110101110111
11111100001110010100001110110100
00000011001010001110011100000111
11111110000000111000011101101100
00000011101100001110010001110001
11111100101110010110010011100011
11111100000010101110100010001111
11111101010010100010001000010110
11111101010111001010100100100010
11111110110011110111110000101110
11111101111101010100000001101100
11111110001111100101000100011110
00000000001110110100001001000001
00000001001100010100111010101110
11111100111010101111111110010000
00000011111000000110101110101110
11111101100110011001010110000010
00000000011100110100010101101000
00000010000100110111100010010011
11111110101101100110110010101001
00000010010100001001101110110010
00000011010011100010100101111001
11111111011000001011011111100011
00000001110000111101010100001111
11111100101111110101011111100001
00000000001001100001100100011100
11111101100100001010110110100101
00000001010110110011110001010110
11111101111011101101010111100001
00000000101100101101010001010010
00000000000110101010011110101110
00000010000110001011111110100000
00000000001100011111110111011010
00000011011101001101101010010001
00000001111010100100111111001000
00000000001011101100111010111110
00000001111010000101011101011100
00000000110101001111011100100110
00000000000000001100011101010000
00000010100101010001100100000011
11111110100100000111001110110101
11111111010101001000101100110110
00000010110001101011011100110110
00000000101001101011010011101101
11111111011110100111000000111010
11111111100110000101010001100011
11111110011011111011001110101001
11111101110000101001101011111010
11111111001011010110000010010111
00000011010110101101100010111101
00000001010100100110011000010100
00000001011100000001110011100111
00000001010100000010011011100101
00000001011100001010001110101000
00000001001010001001010000000110
00000000010001100011110100101100
00000010001010011111010101111101
00000000110010101010101011001101
11111110001010101100010011000100
11111010100010010101111001100110
00000000010100011000011100000010
00000010011111001000111111001110
11111101110011101101011011111011
11111111001010010000000000011101
00000000100011010111011100111110
11111101100110010000011010110000
00000001010111111111110100110000
11111110110100000111111001100011
11111111011000011011000000010101
11111110100111001001111111001010
11111110111101111110101010101100
11111110001010000100101100010000
00000010010001001111101001000101
00000101010001100101000111000110
00000011001110101101111000001000
00000000110011111111101111010001
11111101011000100111101010011111
11111101111101010001110111101001
00000010001100001111000011011010
00000100101010010101100100000001
00000000100110110001100010110000
11111111000000011100010110000001
11111110101111110100010110100011
00000010010010110111010100110001
00000000110100000001100110000011
00000010100000110110101101001010
11111110110111100100101010111100
11111111000001000000011110010101
11111010001001000001010011001111
00000000101100011100101011000110
11111110100011010001111001100001
00000001001110011101100011010111
11111101101100010011001010111000
00000000000110111111100100110101
00000000110100110110101110101001
00000001011100101001100100110011
00000010110101110111000000101011
00000100111011111001101001101000
00000010100100001100001101110101
11111100000011111001100000011011
11111110000001010100110001001001
11111110111010010101001100010001
00000000101010010011111010100001
00000000100110010011011001100011
11111100101101111110101000110000
11111011001101111000000110101001
11111111001011111111010010110111
00000010011101100010100110011101
00000001101110001101110011011111
00000001010110110100111010111001
11111101110100000000001010000101
00000010110010101001100001111110
11111111011100110100010111000111
00000011101010101001010100111010
11111101000001110000111001100000
11111101001100110011001100100000
00000000111101011110100111101011
11111111110100100111101110111000
00000000011000011010111011001000
00000100000111111001010111000110
11111101000100110111100100001011
11111011111011101110100100000110
11111111000010111100110110111000
00000001000100010101000110111000
00000010011010101000000000111010
00000000001011000001101101001100
00000001000000100010110011000100
00000000101001100100100001111101
11111101011001001100011001011110
11111101011010100100000110100001
00000000011101010011100100000101
00000000100011001110011101101011
11111100111001101110111000100010
11111101100011011001011100010101
00000011001010000000001000010000
00000000101011110100110010101111
00000100110011010100101100011100
00000000111111010010011011101010
11111101011000001010111101111101
11111011011010001110101011111010
11111111100110011100001010011111
00000011100100000001000101001000
11111101100100010001110101001100
11111110101111111010011001111010
11111110110000001001000101011101
00000010100000111001001011110010
11111100111001011101101001001111
11111011010100111010001001111111
11111101101101110100010111000011
00000001000000111100110100100110
11111100101011111001000100100010
00000011111011011000100110101011
00000001111000011111001100100001
00000001101100011000101010011011
11111100110011111001010010001101
00000001110111001111010000000011
00000000100100100111000111111000
11111111001001111100100110111111
11111100100100111000110110100110
00000000100010011110110110011110
11111110010111010011100010000110
00000001001010000000011101100010
00000000100100101111011101010110
11111110101000000110010011001011
11111110111110111010010111011000
11111101010100000100011110100111
11111110011110000111010110101010
11111101010010101010100111100110
00000001010000101011110010000000
11111100010011010001101111110110
11111100111101101010111110101111
11111111000100101010010010000111
11111110001000001001101011111011
00000001000101000001110100110100
11111110100011111011110110100100
11111101001111111100111101111000
11111011001011100100101100001011
00000010011010001101010010100001
11111111001111111111001011011110
00000000101001101011000111000110
11111111010100110111011010110010
11111111010001111010110111101101
11111111001101111100001001000101
00000010101110001001000100000100
00000000100011000000001010110110
00000010010000000011100110110010
11111011011011011011010101111001
00000011010000100110110101111011
11111011000010001101011101111111
