00000001110101101001000101010111
00000000000001100001110101101010
11111111101110111110100000111100
00000001101110101011000100010010
11111111000110100100000100110110
11111111110100011010010101000110
00000011001111111110000111100100
00000000010111010111101101000101
00000000010110110001111111110000
11111110010011111011100000011010
00000001110100110011101001001111
00000000001001010100111000111011
11111111011111000101111101101101
00000000100001011110101101111100
00000000010001000011101111110100
11111101010111010110100100101100
11111110001100100100100101111111
00000010000110110110101000000011
00000001110110001110011101110000
00000001001011111000110110001111
00000001111110001000101111000111
00000000101001111011011010010010
00000000001100010101001100001000
11111111000100111111100100101010
11111110100010010001100010100001
11111111110101111100100000101010
11111111010110000001101111101111
00000010100011101101011111100010
00000001100100111011110000111001
00000000100000111100001100101010
11111111010010001101101001100001
00000100000010000000001000101001
00000000010001011011000011011010
00000100111011100000101110001110
11111101111111011110100101111110
11111110100101000101111101010011
00000010110010001000101000001000
00000100010011101111001111011111
11111100111111011110101001111111
11111100010111011010110111011101
00000010001011110110101111101100
11111100111011000000010100101101
00000011111101101001001100001000
00000001011101001110111000101101
00000001001010011001110110011111
11111100001101100111100000100101
00000100111001000110000011000110
00000001110111111000110011111111
11111111101110110000010000101101
00000000011011010100101010010111
11111100100001111101110111101110
11111111101011011010010000001000
11111110000011110110000000000111
11111111000010110101100101011111
00000000011111101110001000110000
00000010100000010101111110100100
00000000111100000100011101001110
11111101010000000011010110101101
11111111010100110001011110010100
11111100110111010100010011101001
00000000110001010000010101010011
11111111100111011110011111110110
11111110110001111011101010101011
00000001000110001101001110110111
00000001110001000101000100110000
00000000111000111011000101011101
11111101110100011011111110001000
00000101100101101011100110010110
00000010011101110100101110010111
00000010100101110110110111010001
11111111101011010011000101010000
00000010101011100110110110000001
00000000001000010100011001100111
11111101011010101111010100101011
00000000110010101100110000011110
00000110000001000100101110110001
11111110111111100010101100011111
11111100100101100100110000111011
00000000010100100011001011001101
00000000011110001001110001000100
00000010100111101100000110011100
11111101000110110010110011101011
00000010000001011101111001011011
00000000010110011110011100110001
11111111011010101010011100000010
11111110101000000001011110001001
00000001000100000100001101101110
11111100010100000011100011110100
00000101101101110111001111010000
11111111111100101000010101110011
11111111110010001000010001001010
11111100110010001001111100000101
11111111111101011101101101110010
11111101010011010001001000000001
11111100011110011011100001000101
00000001010010011001010010111110
11111101010110111110010110000101
00000001101101001010111010000010
11111111101000111111011011000001
00000000100000101111000100000010
00000001010110110111010101101101
11111011110101001001100101011000
11111100110111111011100110000110
11111101010101010000000100011110
11111111010111110111100011010011
00000010111001101011100101100100
00000001001011111010001111111001
00000000000001011001010100010001
11111101110011100111010100000110
00000000110100101110110011001000
00000011100000000010010110001111
11111100101111111100110111101011
11111111011100000011100000101001
11111110001001110011101111010101
11111111010101011001010011111110
11111010010111001010110100010101
00000000101111110101100010110100
11111100110110011000010000111100
11111111101110011110010111100111
11111110011111100100001011011010
11111100001100010101000001001011
11111110000010010001111001011010
11111111010001001111010100010010
00000011000010100111010011100101
00000100111011101111110001000100
00000011000000110001000100111110
11111101010011110001000000010101
11111110111001100111110000001111
11111110000000101110000111011000
00000000100011111110011010011111
00000001001000111011011000110011
00000011110110100011010011101111
00000010110100110011000101010000
11111100111011110100101011010100
00000000011111010100000100001100
11111110000111111001000000000111
00000001100011010010000000001000
11111110110111011001000101111000
11111111000101010010111011011100
00000000111010110111010100010010
00000000011111101011011000101001
11111110011101101110000101001011
11111111010001111011001011101101
11111111001101111001011011011010
00000001000100101110100100011111
11111111101001111110110011110111
00000100000101000111101110101101
00000000011111011111001010101001
00000011101101110101011100011101
11111010110100110001011000010001
00000000100111110001110011100010
11111110100001000100010001111100
00000010101001011100110111100110
00000010011110100001001110100111
11111111001011100000101000001010
00000001110001010001011100110111
11111111100011100110011101001110
00000000110010011110011110011000
00000000110001110110101011001001
00000010000111100100000001110111
11111101100110101011010000111001
00000000101011110100001001101011
11111111000000110100110000001000
11111101001101011001110001101000
11111101100000001100101010100001
11111110110110000111110011100000
11111111000011010010100001101011
00000000101101110110000111110010
00000000000100000100111000000010
00000000110001110011101111000000
00000010011011010100111001011111
00000001010100111100111110100010
11111110101001000011101101110110
00000001000110110001001001100100
11111111101010100001011110000011
11111111101001111001011111010110
11111110000100000100011101011010
00000010010000100110001011001110
00000000000011011010101000001001
00000000010011101101110101101011
11111111001110000111000111001111
11111110001011100100111010100010
11111111001100000001000101110000
11111111001101000111101101111011
11111101111100111101000101101010
11111110100011011101011101101101
00000001010101110001001010100110
11111110011001011001010011111111
00000010010011100000010001001110
00000001001111000001100011110111
00000100001000111101111101111000
11111110001000011110011101000101
11111111011001100101011101111100
11111101000011110010101011001100
11111110100101000000011100100010
11111110100010010110010111100100
11111100100100001010001000011011
00000000001111101111001110010100
11111110010111110000010000001001
11111110100011010011011011101110
11111101011011111101011000001010
11111100110001011000000100010111
11111101001001101011011111101000
00000010111100101001111101101110
00000000110101111001110100001101
11111110010101010000110101011110
00000010010101110101010101100011
11111101000000011111110110111011
00000011011010010000111001110001
11111110111001110010110110010101
00000001001010110111101100000101
00000000110100110010111100110110
11111011011001010000101001111001
00000100110101001101011000111101
11111101101000011010010100111010
11111111101101011010000101000000
00000100011101110011110000000111
00000000000010111100110111100000
00000100110000111110010101010111
11111100011000111010111011011011
11111111111101101000001100101111
00000000011100101001001011010010
00000001001011000110000101101111
11111110100100010111110011011110
00000001010101100111001011110000
00000000101010011001000110100101
00000100001101010101000010111010
11111111101011111101100000111000
11111110111111111110000000110000
00000001100100110001000010101010
11111111010101110010000000000100
11111101110101110000010100011100
11111100001101110001010101100110
00000010001000001101001010011100
00000000001100011000001001011111
00000000000100100111110101111011
00000000011010010000010101000111
11111100101101110000000011010111
00000000111101000001111001000001
11111110011111110100000011101110
00000110001101111101111100101010
00000000111101001100101111010001
11111011101101010010111100010001
11111010100101000101100011011110
11111101000111000111011001110101
11111010111000110110111100011011
00000000001000011101110111000010
11111111010010100011001110010000
00000000010110110100001000010111
11111111110000111011011100111011
11111111011010000100111110111000
00000010100010101111111110111010
00000001101111001111101111011100
00000010111100011001010110100010
11111100101110100001010010101011
11111010011011001000011001010101
00000000001100110011001110101101
11111100111101110100010010010000
00000011010001011010001010110101
11111101111101000010100110011000
11111111010100111001110100100101
11111111110010000010000111000000
00000001011010010000110100010000
11111110000000010000010100011101
00000000001110100000100011110000
11111111010101110011011101110100
00000001000110000000110101110000
11111111100100111100111010101100
11111111010110000011110010101100
00000001010111110001110100001000
00000001011111001010110110110110
11111101110100001000110001111010
00000001111111001010010000100111
00000100000011011011101111001010
11111101011100010110101111110010
11111111110111010010010110010010
00000001000100101100001111001110
00000010011101100000101110001100
00000010110110011000000111100010
11111111010101111011101001000100
00000001001011010010000101010110
00000000100001001101111010010111
00000001001001000100000001100000
00000010110010011111001111101011
00000000010100010101101111011100
00000001111110010101111001011011
11111111000111010011101111101001
11111111101111001100001111011010
00000000110010000000101000001010
00000001001110000111110010110010
00000001011000111000001000001000
00000011000111010101011001000001
11111110100001011011100111001101
11111110101011000000111000101110
00000001110000000001001001010011
00000011000011110011011010110100
00000000110010000100100100100100
00000011001010111010101101100011
00000001111100000001110101111101
00000000100000011010010001111111
00000000000110011000010000010101
00000010001011010000010110011110
11111011011101011010000110000101
00000101000110111011001000011101
11111011101001100110011010111110
11111101100010000111000001100010
00000001100111100001011010001110
00000001110110001110000110111111
00000001010011100101001010101001
11111110111011001010001011111110
00000000100111110000110001000000
11111110110100111011010011111011
00000110101111011001100011101100
11111111000010010101110011010010
00000000001001010000001011100000
11111111111000001100101010111011
11111010110101101101001010100101
00000001000110110101100001111111
00000011001101110111001101111001
11111111110000010110001111110110
11111111110110000111000100110010
00000100011010110100011000100000
11111110111111101101011011010110
00000101000000101010010011011010
00000000111000110110101001111011
11111111100001100110100011110000
00000010111000011101000111011011
00000000001100010000101110000100
00000100001001011000111001101000
00000011010101010010100011010000
00000001100000110100011000000001
11111111101111110001110000110001
00000001000011011000011100000011
00000000100011000000000010101000
11111110000011111110000000110010
00000010010111110100101100101000
11111101100000111001110010101011
11111101111000001001111101100010
11111111110011111100001101011000
00000001001101111110000000011010
00000000000001100101111100101111
11111110010010101110011001100100
11111111011110110111001000001100
00000000101100000011101110110011
11111111000101100010001110001001
00000100001111010111110111011001
00000001001010100011101001111101
11111111010001011100001001100111
11111011000111101001100110100011
11111111011111010111001101011110
00000001111100110101010100111011
00000010111100000110111001010111
11111111111110010000110111100011
11111110000010011111100111110010
00000011011111000101011110010010
00000000100100111001100001110010
00000001100100110000001100011100
00000001001010001111100001011110
00000110001100001110000010011110
00000010001000000010000111111011
11111110100010010111101100000111
00000001011110100011010000001101
11111000100011011011110000010100
11111111110011100101010000111110
11111100000011011011111111110110
00000010000011111010101000111000
00000010100001101101010000111111
11111110000100110000000001010111
00000001110010010110011111101110
00000000100000000000000011011011
00000000000000000110010110111001
11111110111111111110000101110000
00000010010011111011110010111110
00000000101110010101100110000011
11111110011010110011010011011000
11111100011101010001011001100111
00000100000100101000101011011110
00000101111111010011111111100000
11111101011101111010100110111110
00000001011100111000111000101110
11111110111011010010011010011001
00000110011011011110011011000110
11111101000010100010000110001111
11111111000000100011010010011001
11111111110010110001101110010000
00000001011100101000111001111101
00000000001000010110011101100011
00000000111111111001101101100011
11111101110100100001001001111011
11111101000011110000110110110100
00000001101100110000010100100001
11111111101100110001000011011100
11111110001100100101010011001010
00000000100000100001011100011000
11111100000001110100010100110100
00000001110001101101011110010101
00000000111011111111111011110010
11111110101010110000111000001111
11111111001110010100101111111110
11111111011101010101000000011111
11111111000111011100111101101111
00000010010100100000010110000101
11111101110001100000010101001001
11111111100010010101000011000000
11111101110001011011101011111100
00000010011110001001011110110100
00000000111100100110101101101001
00000001110101111101101000001011
00000010101111010111011010101111
00000001101000011010011000100000
11111111000001001111010010001101
11111110001001011011011000110101
00000000000010011011011111001100
11111111010011001100111100000111
00000000111110100101100101010001
11111111111111011111110011110000
11111101011110010010101110011101
11111111011011101010000110101101
11111111001011001110010111011101
11111101010010111110110011100101
00000011011000100011000110111101
11111110000011111011011111010101
11111110111000010001010100001101
11111110011111111101001011111001
11111110010111001010011001010111
11111110010000011100000101101100
00000110001111000010000101011011
11111110001101000110111000011100
11111111011001000001101001110000
00000011001001110001111010001101
11111110111110101111010100010101
11111111000001001101100101011101
11111011111000111111101001111110
00000001011001001110100100011100
00000000100001111100000101011110
11111111111111101010101000010101
00000100010010100000101011100111
00000001101010100011110010111010
11111111000100101010100001010110
11111111010001110010000001001000
11111100101010001001011010011010
11111110101100001110010100111011
00000001010011111011001100001000
00000010101011000011010000011111
11111111111001100100000101010000
00000000100110011000011100011100
11111111101111011011001010001100
00000100001001101011010111101101
11111110000110011000011001110011
11111101100000000001111101001110
00000010011111010010111000001101
00000000110101110101011001101011
00000010000111100110110000100011
00000001111101000101101100100101
11111110110001010001110110101001
11111101111101000101000001000000
00000000010010101011010000101001
11111110110100111000011001110000
11111100000011100111001011010010
00000000100011110111111001001100
11111111101101000111110010111110
11111111011011111100010010110000
00000010100010100110010101100001
00000000111010111111111101111110
00000010010110111111000010101001
00000100010111111100011100011000
00000001101001111000000100000001
00000001101000110011111111001101
11111110011010001000000101110000
00000000111000111110111000011000
11111111110010101110000100101011
11111111011010010110000101110010
11111100111110100110100000011011
00000011001111101000100101111001
00000000101001100011000100010110
11111111000111001001001101100101
00000000111010000100000001011101
11111110110101000011110110000100
00000010000011111011000010110100
11111111111111110100011011101110
00000000100001100001101101001111
11111111010101111001100100000010
00000110010010001001101000011101
00000001110001100010000011000011
11111111000100001000100001000110
11111110111101001000111011110000
00000011110001011000001111010011
00000001110111011001110110010010
00000000110010100110010101101111
00000000100100100010100000000101
00000010100010011011100111010011
11111110001010110011111100100110
11111100111011101101001111100001
11111110101100110110011101110011
11111000000111001000001101101001
11111110011001101001010101101000
11111110000001010010011110111000
00000010110110110011011000010000
11111111011011011000010010011111
11111110111101011001000101010101
00000101110011000001001110111001
11111101100011111110101010001001
00000001000111000101011001111001
11111011000110101100011110001000
00000000101010101111000110100100
11111110010001101011110111001110
00000011001111100111101111100010
11111111110010001110010111101011
11111101010100001010000110010001
00000011010101110110011000100011
00000000111011000111001011010100
11111101100000011010111110001010
11111111001111110000101001000100
00000000010001111000110100001000
00000011100110111011000100110010
11111110101110011101001001001110
11111110101011100100010011101101
11111110111001111001001101011001
11111011011011111000000010001011
00000000011010111110111000000011
11111111110110011100111100011000
11111111110001101100100011110101
11111111110101101001010001110110
11111111001101001001001101011100
11111101101110100110000111110110
00000010001000010110111010111011
00000110011111000011110001011010
00000000011110011001100111010001
00000000110100111110000011100110
00000010110101110101101010101011
11111110111101100001100000110000
11111100000101000100101100110111
00000000000111111000001110101100
11111010100011001010100010011000
00000000111010001010011001010111
11111110011100111100011001010011
00000001110100001110001010110011
00000001001100100001000110110001
00000010101001111111110000110001
00000010010001001100000011000110
11111110011100011010011011111101
00000011011110111111111111001010
11111101000110001001110111010111
00000010000110000011101000000001
00000001001010100011100000100100
00000011010000101110101100100010
00000000001010111011110111010001
00000000000101110010110100001010
11111011100011011111011110001101
00000000110100110010110001110111
00000000111101011010011011111011
11111110001010101110010101010010
11111101100010011010101001100010
11111101100010111100001010010101
11111101110101010100100100101111
00000010100111011101001001111011
00000000001010111100010111111011
11111110011001100001010100011001
00000011011100101101001101000011
11111110001001100100011110001011
00000100011111101110100100101011
00000000000001111110111100011000
11111110000101101110001110010001
11111110000000010011111111111000
11111011010111100111010010101001
00000010000111000000111101010101
11111101000110101101011111110110
00000000011001011010111011011000
00000010011111000110101101000100
00000011011000001010010100111010
00000000000001010011001111110110
00000010010001101110100111110100
00000001110010001111101010101101
00000001100110010100000111110101
00000001101011100101010010011001
11111100110010011110111001010000
11111110101101110111001101000111
00000010001101110000100100110100
00000001101011010011110100011001
00000000010100000111001110100110
11111110011010111110100111010101
00000101010000010011110001100110
00000000010101000010000011111100
11111111010000001000101001110000
11111111110001001101110111110001
11111110001100001100100101000100
11111110111101000000000000110000
11111101100011111101101011100111
11111111011101101101111100001010
11111011011000000110010010110000
11111110000110001100111000000001
11111110011011011101011001111110
00000001110100110000000001110001
11111111101110111011110010111111
11111101001010110111001111100000
11111101111011001101011110100001
00000010011101001010101111010000
00000001111101000100110001010101
11111110011110010100010011000010
00000001001000011111011010000101
00000000001000101001000110010000
00000001010101011110110110011010
00000001001101000100001100001101
11111101001010100111101011011110
11111111100110100010100101110101
11111111010101011011001001000011
00000000110010100010111110111110
00000000001010101110111111100010
00000101111101101101011000101111
00000011110110000011101110100100
11111101101111010001001001011011
00000011010000010101000100001110
11111110000000011000111011111000
00000001101110010000110111111101
00000110010111100111000100001001
11111101010101000110101011100001
00000010100101011010010001010000
00000000110000001001010101111100
11111111101011011011010000010101
00000001111010110000000110111101
00000010010011110000110001001001
11111110010101111011011100101110
11111101100010010010011110101011
11111111011011100110000000110010
00000000100111101011001000000001
00000001101111011001011100000001
00000001100101111100000100110111
11111111100011010110111100011000
00000000010111010010001101001100
00000000101111100100010010011010
11111101011110011100001110100110
11111100111011000011110000010100
00000100010111001111000011011100
00000001000111010100111010100001
11111101110000110001110001011010
11111100000110101011101001010001
11111111001000101000000101101010
00000011110110011000101101011000
00000010101010100110101000000101
11111110001101010100101011001111
00000010010101011010001110010100
00000001111100100001110110101111
11111111101110001010111110011111
00000001010000000001111000100010
00000000111000111001011101000001
11111110001101100011011000101011
11111111000011011001010101111101
00000000000011011001010001000010
11111110011100001010011100001110
00000101100111011100000010001010
00000010101101001111100100010101
11111111101001101110011110000001
11111100111010111010001101001010
11111111011001000010000111000010
00000010101110110010011111111000
11111110010010111001110100010110
11111111000110000011000011100011
11111111011111110001110001001001
11111110111010100111100101110011
11111101000111001001110100011000
00000000001101100000001101000111
00000010110111011110101111001110
00000011100110101111101010100101
00000011011000100010010001001011
11111110100011010110011100100101
11111110011001001010010100111100
00000000011000100010000011011001
11111111000000000101001011101111
11111110011011001011110010111100
00000001111000001011101011100111
11111110000101100010101101001010
00000000111111010100001111011111
00000011110011111000111110000101
00000001101110011100101001001011
11111100100001011001101100111001
00000001101010100001110001110101
00000010000100010000100001010011
11111101101001011011101011001000
00000001001010100010111101101101
11111111000111000001000011111001
00000010101101101000011110100110
11111111000010011001100001010001
00000011010010100010111001110000
11111101111001000010001111101001
00000010100010000010010000011110
00000001010010101010101000011110
00000001000001000001010110010100
11111110100000011101010111100010
11111110001100000000110001110100
11111110100100010100000001011110
00000000110111000010100000001001
11111101000100011001000101100111
00000001001101101101101000110011
00000101101110010000101100110111
00000000100101110001100100110111
00000001100101110101110000101110
00000000100000010100101011000111
00000010101101011100010111101010
00000010001000110011001101010100
00000001111011110010100100110001
00000001001000001010000100001111
00000000100011010010000011100100
11111101100011011010010010000111
00000001110000101100000110010111
11111100111110001010110110001110
00000000001001001000000110101010
00000010101011001011111001111000
00000000111101100110111000011101
00000001100000100000000010000010
00000000110110100011101101110001
11111111001010011001011111110110
00000010010100101110011101010111
00000100000110000110100011110100
00000001100001010100110100100011
11111111111101010101001000101111
11111111101010101000000100111111
11111111000110011001110100101010
00000001000111111000100011101101
00000101001110000111000111011011
00000000001110111110101111111111
11111111111101111100111111111111
00000001011100011001100011110111
00000000110110010011101111111000
11111101011100110011110001001011
00000010000001101001111110110010
11111100111110011001011011111100
00000010001101000111111100110010
11111111110010000101100010111011
11111111110011011101101100000100
11111111010001000101000110100001
11111110010100110100000010100100
00000000000011100000100000111111
00000000100011101100001100100011
00000000000011001001101000111111
00000000011011000111011111111010
00000010100001010011000010111010
00000001000100000110001100101111
00000001111111100000000001111110
11111111011011001010001011100000
00000000100110101110001000000010
00000000101010011000001110000010
11111111010111011010110111101110
11111111010110110111010111000111
00000001101000110001010001000000
00000001010101000001011101101110
00000010000110011000001011011111
00000001101101001010001100000010
11111011010011000000110101000011
11111110111001001011110000000011
00000001100011011101001110011101
00000001011101100101111010100110
11111111001001101110001111100011
11111111000011101100101010001100
11111101100001010100101100100100
00000001001001001101101000001101
11111101110010010111111001011110
00000010011010010110000100001100
00000011000000010100101000111110
00000000011101000101100011010011
11111111111011000011011011011000
00000001000010100101010101101100
11111110011110010011110010011101
00000001010100110100101110011101
11111111001110110111011011101010
00000000011011101011001011100110
00000000111010001011111000110101
11111111011010100001011001111011
00000001010111011010111101100110
11111101001010001110011011110000
00000010110010000110101111000100
00000010011001101111101100010110
00000100010010010001010101011000
00000010111111001110101001100110
00000000010111010000101011001000
11111100001000011101000010000100
00000100000010111101111011101101
00000001000011000011101101111101
00000010100010000000001000000101
00000011010110101111110111011010
11111110101110100000100010011010
11111011001010000110111101001011
00000101011100001001001111000010
11111111000100101110101101011100
00000011011101111110101000111010
00000001000100000110011111110011
11111100111000101100110100101100
00000010000001011100011000111011
11111101100110001110111010100001
00000101000010001011101001100101
11111011011011110110010111001010
11111110101000000001110011101001
11111100101010001010010000000010
11111110010101010101001100101001
00000000011101001001010001001011
11111110111010001110010000011101
00000010111111011100010110001000
11111101101110000111101010011010
00000000110010100110110100001110
00000001110011000111110000100110
00000010000010101011001010011000
11111010011000010110111010101101
11111101111110110010111001010100
00000001011000110101100101001001
11111100101101001100001001101000
00000000101000000100111100101010
00000001001000101010110110100100
11111111000111111000001000110110
11111111100110111001101110110101
11111100100001001000100110100111
11111110001110001010111000111101
00000000100010100100010000110010
11111111000101011010100001001011
11111110001010110111100011111011
00000011010000001110010010011111
00000010110011101010011111010111
00000001110101111110111010100101
00000001111000001100111110001111
00000010110011000001011001111001
11111111011100101011101110101100
00000001101110001010000100111101
00000000101010101010101101111110
00000011000011010101111010110111
11111101100000001101001100010100
11111110010000111011000001000011
00000000000100010111110110110100
00000111000011101000000011000111
00000001010110100101101100010000
00000011011101110011001100011110
00000000110011111010001010111101
11111110101000101011100000101010
00000001010111110101100001110101
11111111000111111000000110110101
00000000010010110000101011010000
00000001000010001010100011011011
00000001101001000011000100001000
00000011001101010100001011111011
00000100010111001000000000101000
11111101101010010001010001001001
11111111100000001110111111001101
00000010100000111111011001011110
00000001011010010000001011000110
11111111111010001100110010011000
00000000011001101010010011011111
00000011010001101101100110001000
11111101011001011011110110001010
11111110010001011101100011010000
00000010001010111011100110011110
00000011110100111101000100110011
00000001011001101011011011100010
00000010010000000101111101101101
00000000110111110100101110000011
11111100010001101101011100001011
00000100001111100011100001000100
11111010011100001101101001000010
00000000001111010011100000110110
11111011010110111100010101000011
11111111101110011010000010110011
11111110100011010110001110010101
11111100010111001111000011001110
11111111110110100111011101110011
11111101000011111011010110101100
00000001100100111100000100000111
11111110111000101100110111000101
00000001100000111100100001010101
00000010010101110100100110001001
00000000010010000001010000001010
00000001000000010000001110111000
00000010001010110011100101101001
11111110111101110111110110010000
11111110000011001101100001110011
11111110001000111110111010000110
00000000110010000011001110111101
11111011001001100000000001101011
11111101000110011111100000001111
00000010010000111101011100101111
11111111100001001000101000011001
11111110101101000110110001010110
00000000000111011110001100000010
11111101110111111011100001110101
00000011000111111000001101111111
00000011001110000100011011010000
00000001001101101001101001011001
00000001000100110101011101100111
11111111011000100111011001011011
11111110110010111011100010010000
11111110001110111111011000111001
11111101111010000010001111111011
11111110111111010011110110010111
11111101111011111110001011011101
00000000010000100100010001000110
11111111110110111010101101011001
00000010010110100111011111100100
11111110101001001001101000111000
11111111111001010110001111000011
11111111110111111101110011110110
11111101011101111110001100011000
11111111101110001110010101101000
11111110100000110110100110110011
00000001111110110010011110000000
00000000110101101001011000000111
00000000101000011111101001000000
11111100100011100111001011001101
11111110001100011010001101011001
00000000110100111111001100000010
11111110111010010001100111000010
00000000101101000000101100101110
00000000101111000111011111101001
11111111101101111001011010101010
00000000000011001101101100101101
11111111011010010000001110110000
00000001011110101110001001010000
11111111011110010000110001000011
00000101101011010010000100100111
00000010001001110111101001101110
11111110100001000101110110000101
11111110101011111011010001100100
11111110100011100000110101000011
11111101110101001110101101101101
11111111110010000001110010100100
11111101000001100000001110111110
11111110111111110000000010110100
00000010100100111111101101100001
00000000010011011110111100010100
00000000100000010111000110111011
00000000101000100100110100111010
00000001110110001101001011101100
11111100010000110101001011010100
11111100100000110100100000101110
00000011110111000110011111001001
00000001000110010101001011000000
00000000110010011101101000011010
00000001010111100110110101001111
00000000011100011010100001100001
00000001110001011101000001110111
11111110110011110000100101000100
00000000001100111101111011000100
00000001000111011000111001000101
11111101100110010111100000110110
00000000001100111110010100010011
11111100010101101100001101111000
11111110010101101011010001010011
11111110011001011010100101000000
00000010101000000010010111010011
00000000011010011000011000110011
00000001111001111101101111111111
11111111011000000110110111100000
11111100100101000000001111000011
11111011111101001001111100000011
11111100010101011000100100010000
00000011000011110010110111000101
00000001110000001101011101000111
00000011011101000001101001101111
11111100011101111001100100110101
11111110100111100010111001010111
11111101010011011000000100011100
00000010010111111011100110100110
11111111010111011111010011111110
11111110001010110001000100111111
00000010001101000010000001101001
11111101110001101001111011010100
11111100011111010110010100000010
00000010011111000111111000111111
11111110001111011011001000010011
00000001001111000100111000001110
11111111100000100111100000101001
00000000011001011110111010111110
11111100110111111101000010111111
11111101001111101001000000111011
00000000011001101111100010000101
11111111001111000111101000101011
00000010001101011101100001111001
00000010100000110100101110001010
00000011101101011101111000101111
00000001011010101010001000110111
00000100010111000110110011100001
11111111000101100101010100101000
00000010100011010011011010100100
11111111010001101100000010001101
00000000010101000000010111000101
11111110101010100001110111101110
11111110010111011111010000001111
11111101111101101111110110111100
11111110000101100111011101001100
00000011000111110100111111011110
11111011101010000011101111011011
00000010010100001000001000100001
11111110000011100110100010111101
00000000011101010100111010111100
00000011010000101011100000101101
00000000011011110110011000111001
00000011011000101010001000110100
11111111110010001111000011001101
11111110100111111110110011011000
00000000011100001001100010100100
00000000000111001101000001001001
00000010001000001000000111011100
00000001011011101000011000100000
11111110001100011110010111111001
11111111111001101001011101000100
11111111010110000101101001110011
11111111110011111110100010111110
00000000011111000000110011101111
00000111001001001000100100011101
11111110110001011001011100001000
00000010100011001010000101000101
00000000001011011010001011101000
11111101000011000111011011100001
00000001111100010001111101010000
11111110101100100100001111010010
11111100101111010011111011001000
00000001101100000010101100110111
11111111110001101010110101101011
00000001101100001011000010001011
11111101101011110111011101101001
11111101100101110001001010000001
11111101101110000001001001110001
00000010011100111111010011001010
11111010111111000100111000111000
11111111010110010101011100010111
00000001111111111010000001100111
00000000011110010001001110101010
11111111000111101000000110110010
00000001101011011110101110111100
11111110111100111011101011100000
