01011011111001000111001101011110
10010010011100011011010001010010
01010001101111101101011001100111
11100001010111011110010010101110
00011001000110000010100000101000
00000000001110000010100101100100
10110011100100110110111101001110
10011001011001000000110011100100
11100000100011100110110000111000
00001010111110110110001001001100
10011101011101101110001101001001
00001010001101100010010100010110
10111001101000111101111111001111
10101110001110011011110101011000
01101001100111001001100011000100
11000110010001111110000001010001
00000101010010100100000010010100
01101100111010000000101010001000
00001100110111101111100011011111
10100011101000001011100110110001
11101000111101000001101000001100
10010100011011110100101111111111
00001111110101000101000111011011
00110011101110001011101010011101
10011010110010100011111110000101
10111001000011111111000000011000
11001111001111011110111111011111
00110001011101101100001101001010
11010100011111101000101110111011
10111111000001001110111100010000
00011000011110101100000001010100
11000100011101011110001011010000
10100001101001000101100000101100
11010011000101001010001000101101
01100010100000000101010110111101
01001100000100010111010101110100
11110111010111110110100100111000
10001011110101110101110011111100
00100001010101100101011111101011
00110010000100100011101001000011
00100100011010011000100011011110
10101111111101010100011100110011
00100010010000011011011001000000
10010010000010110100111111110010
11001101000000001010100111110101
00010000000011100010100101100110
10110111011110011001100011000000
11100101110100000001010111001100
10011001000100010011001011000001
11101101010000101011010011111101
11010000000010100100000111010010
00010010100000100100011111100111
10001001101110010001011111001100
01011100101101110100010101001011
10110000001001000011110111100110
01001001110000101110110011101101
01010101111010111001000110001001
01101010101010010100100000001110
01010000001000100110111010001110
00011110011101011011100010000111
01000001100111101011100000111010
11010010010011010100011101001100
01011011111001111110001011011011
11011011001100011000100000000000
10011110011110011011100111000011
10010110101001011110111111110011
01011101111011000001101001110001
11011101001000010100110110101101
10100000101001110010000111110011
01011001001000110000101100001111
00001010111011010110100100111000
01001101111100110000100001000000
00011100001111010111011001001101
00100011101011011010000000110101
00111111001000101000110111111010
11101010100000001000110000011001
10001011100110100100100110000000
10111111111100111011000010011111
11011010101011011101100000011011
10111000000101100011101001110111
11011010101010001111010111010101
10101010100100100001100111100110
00011010001010011101110110000000
00010000100101100011011110000010
01100100000100010111101001001011
10001000011000010110101001000000
11011011101000000100101100110011
11010101101110011100001001001111
01011110111101010010011010001111
01000101001111000001110011100101
10110000110011101011001001011110
01000001001001111010110110011000
10111110100101010001100101110010
00000100111011101111111000100001
11110111100100011000000101111100
00010011001100001111011000000001
00110100111110101111010100110010
00010000011000101111111010101110
11100111011001111101011111010011
01100000101110101000001100000110
01000011110001010000001010110111
10100001000011111000101010100010
01001000011001110010100110000101
10010001010000001110100101111101
00100111000101101101110110011011
00101101100001110010011101111010
11100101010000000101100011010110
11110100001110111011110100101101
11010010100100100000011101101110
11011111111001110001110110111111
01001110011100001110111111000111
01000011001011100000111111101010
10100001110011110011010010111001
10011001111111100111010101111111
10011001101100110111101000101011
00010111111111001011010110110000
01010010001111001010111011010110
11101000101110000010001110100011
01000010010110111001100011110110
00111000000101001010011010010100
11101010011100110011010101001101
10101000010001111100110110111101
01001100001101011011110011101111
11000111011011111100011100110100
00001111011101010110110001100011
00100010111100000101010001101000
10011010101011110110101011001011
10110001101101110111001110010011
10101111100001100000101110000001
10010010011010000010000011010010
00100011111010000110000110100000
11000101101110110010011100111101
11100010111110011001011111010011
10110110110100110011100110111000
10111100010001110011111001110111
01100000110001001111000110011100
11011010111101001110011100110110
00001110001110000000010110011101
10110110111011011111100001100011
01001001100000111111111110101000
00010000101001111101010110110100
00000110010100111000000111101010
11101011001100100010110110100101
01000010100111001100101001101011
00110111100011001001000111000100
00011100100000000101111011111101
00010111000001100110101101011001
00011100000000111110110011111000
01010010100000101010011001011000
11010001101110100111011011110011
00001111000001110111011010101001
01000001011010101111011010111110
10110110101110100101001111010111
00001100011101111110111011100001
10001100111010100101010010010111
11001111000100000111010100010001
01101101000000101001111010011100
00000100100111110001100001010111
00001000101010011100001010011001
10110100011000011100010110100011
01000101001001001100000010000100
01100101001110011100011100100101
00000111000011101011111011100010
01010101011110111010101100010110
00101110101110000111101100111000
00000100010110110101001011001010
01000111011001111010110011101001
10001101010111001101101111100000
01001100011001100101100101110011
11110101101010101110011011001110
11101100000010100110100011110111
11101100111011100001000000111100
00100100000001111001001110101001
01001011000011101010111111111101
01100001001010100011100001001101
11001011001001101010011110111011
00100111011001001010010100111100
11101100001100100101010011101000
10110010010100001011100110010000
10010100010110100011010011001000
00110011111100000111101000100000
11100000101011111100110110011100
01001011111010110110101010111110
10111101111011011000011111100001
10101000011011110000100001010011
10101101001010100111100101011011
01101101011011011111001010010000
00001101100001010101010111001111
10101011111100100000101101011001
01011000011100111101010000011000
00011011000010110011000000110000
11011101000100010101111010100011
10010100100000010111101110011000
10101011101000000100011010111101
00110111101101111011011100010111
11011000001000000100110110100011
11001101111110110100111011110110
01011011100110100000100000011111
11101011110010110111100110001011
10111101110010110011100011010001
11000100100101010100101111110100
00011110010100010100100011111000
01000011101010110001011111100110
00100110011011001110010110101110
01011001010011010000011011100110
11101100110101110100011010111111
00100101110011000111111100100001
10101011111010001010111100000011
10101011001111110011110001100011
10110100011000101010101101000111
00101010111100100011010111111001
11101000011010001000110001011000
10111011111010111111010101101011
10011101110010011011001011000000
10111000110100100101001011111110
01010001101010110001010100101001
00100001101110010001010100010101
10110111000101101000101100111011
11100010000011101111111001010011
11000001011100100111011011010000
00000111010000010001111100001001
01000111000101111100100101000100
01100001111010100000101101001000
01101011001011101000001100011000
00010110101110101001100101000110
00011001000010100111011111010000
00011101111100001010000010001101
01001100111000001011000001000001
01100111001011010100111011000111
11110000101010001100000001110100
00011011111011110000110111000000
01100110011101101000110010001100
01011100101000000100001110100000
10011011001110110100011010010011
10010101000111000010111101011111
01100000111110111101100001010010
10110000100110010011110001010111
10001111101110001100111100110001
10111111010110001010011001110000
01100100101000111011111100001000
10010101111011010000110011010000
11011011100101000110010010001110
11000001000111100100011111100101
11110001101010011111111101110100
00101000000100001000101101010011
11100000010100001110100110000111
10001100110100111111000111010010
00000001000011110111010100011110
01001011101100001000001100100010
01001000000011000111010011001100
00000101001000011101111011110010
00100011010100010111110001001111
10110010111010001111010001010010
10111110111011101001011010110110
01011111110011110101110011000001
11110011111011000011100000011101
11001001110011111011011110110000
11110101010000110001001111100011
10010110001000010101100001100111
10100010111101101001111001001010
00001011100010101101100010010000
11010110001110010000101001010010
11000011111100001111001001101001
11100000000111010011111110000000
11001001010000011001001100001010
00001000111010110011000010111001
01011010000010101001111001101011
01000110101000111110010011111011
10100000101010111000010100100110
10100010001010010011111111101100
01010110101100000101000000110100
00001101111100000000010000111100
10100001001111100010101101011110
01001000001100100001101111011100
10111100011111011101000100100011
00111111110000000000101010011111
00001001110101100110000111001100
10100001110010011011100000101100
01001111000010010101001001011111
10110101011111101100100010111010
00100001110111000010111000110011
10110110101110000100011010110100
10111001110110101110111111010010
10011001001100100000010100110000
10100001000100111101110100001000
11000100101101100100111000001010
01001111100101111111011010001110
11000001110010101000010111001001
10011101010100000101110100110011
11011111111011010111011011110001
00010001011001001100001110000001
11000001011101100000001110100011
10010100111100001010000010010011
11101011101111011111100110111100
10101111111010010101011000111101
11101101010111011100000010001011
00011010110011110110111100100000
11100101111111110110100111100000
11100111101000110100101000011000
10100011110101100011110101101001
00000001111100100110000101001000
00101000101101100111100010000010
11000100011100110011101110000110
00001111101001111011011010001100
01001111110111101011011011110000
10101010000010110010000010001000
01010100100000011100100101010111
10110001001111010001101000000000
01101111101101111111010111011101
00110011111100101010110100001001
01100000110111100010001101000111
10001110101011101100001011000001
11100101010101011011110100011000
00111010101000110111100101010001
10100011011000110100011001010001
10110010001010111011101110110010
11000011001001000011110011001100
10001100001001110101011101000110
01000001100011100111001100011101
10111101100001110111101010001010
10100101110010000111000100111110
00001010011010100111100000011110
00100000010011011111110001000001
10100111110111111101000111011111
00010010111100110000001011110000
00111010011100000001011111001000
11010001001010010100011101100010
10100111100101111111110001011111
00011001011011101111011100101010
11101101001101111010010011010001
10001000101101010110110000000101
00111110011011001011001101010000
00110111100100000100000101000111
01100010110000001111100110011101
11001010100101010010010101011011
00001101100100010010111101010000
01100110000010100111100010101111
00100011110001000011101101001111
01000010100100111000001110000100
11010001000011110101011000101010
10100100101100110010011111111111
01100001111111100001110111111011
10110001011111000010100000110001
00101011101001011100010100011011
10011010100010110111001011010000
11101111101000101000000110010100
10110001100110110000010110100010
01001001001111011100001111011011
01001110011111010100111000001101
10011110101111001001100010100100
11001110101001001000011011011010
11100101000111000110001100011111
00100101000000111000110101001110
01001101010001101001100110011011
11000111101011010011000010000001
10011010100110001010111100011000
00011011111000011101010011010010
00000000110110010010011010101110
10111001100101011000010010100011
00101011000110011100110001000111
11101000001010001000011010010010
00101011010010001001111101001101
11011001010100101001100110001000
01000011100111110000010111010001
10001010010110111101000100011011
00111100101110110001100010101000
11000000010111111011110101000110
01011100100000100001000010101010
11101110110011101011001100111010
01100101100010101011110011100110
01011000000001011011100110010011
10101010100010111100000101110011
01100110111000101011001010101000
10100011101011000100010110101010
00010000011100011111100100010111
00000101111000001100001000101000
00100100011000100100010111010001
00110100111110110100000010010110
10010110101101000000011001100110
11001110010100100000011010100000
10011011011001101110011011001000
00110101111100110101011010111000
11000110011011111001001000100110
00001001101010111100100000110101
00001111001001010001101011000111
01011000000000110010001110010101
00110000100100011111111110011000
10100000110101111111101111000010
00010010101011101010110011101001
01101010000001001111110010010010
11101111010111101010111010100010
11001010111010011111101110001001
00000100111000101011100000111100
10110000000111010010011000011011
10111011111110010111010110000110
11011001011111111111000011001101
00011100001101000101110110110111
00110000011001000110010101010100
10101101001101101001000010010000
01001110010011000011000000001011
00001001110111100100111110110100
00010111010011001111010011111001
00111100101000100110110111011111
11010000101000110101101111010111
01010100010111101010110011001011
01001001011101100001101010010101
10110100111110100011101001110010
01000000101100000101100000100111
00101111001010000010111000100001
00000001110000100100011000100111
10101001100011110101100100001101
10010110000011011110101111100110
01011011000010101100011010010101
10100001011101000001101010000001
00100101111000000010011110001100
10110111101001001010100111100101
11110000101100110110011011000100
10111000110010110100101010001010
10100111001101010110011001010100
00101010101010111111111011101001
00101110111101110100010101111010
00001010010110000000010010100000
10110010110101111011010001111110
11101111111110111001111010001111
11000110000001110100100101101110
10011111100000001001101101110000
11100111111101010111100000111001
10010011011111101000001110111100
11001110101111011011010110010010
11100000111110101110100111110100
01010111101100100100011011100000
10001111010100001001011111101100
01010011111110000101001011001101
01100000110010011101101101010010
10100011100100111000100011111101
00001100110000110101100000111110
11110101000110100001111101000110
11110011101010111100001100100010
00111111110110011111001000011000
00010010100110100011001101011111
11001011110001100110101100011010
10101011111000101001011011111101
01000110000010001000111000101011
01001100010111001111101100001101
11010111001001001111101111111001
11101110111101100011100111100101
00101111001001000101010101111011
00101110110111001000111011111011
01101010010101101100001000000010
00000110110100111000011011010010
10101100010011111101011011111010
10001110111000101001110100100100
00011111111111101010000011001001
00011101000111000001000100110000
11010111111101110111001000101110
00011001101110110000000110110010
10001001000001001001000011101011
00100001011010001111010011110111
01000101000111011101101011011100
10011100001101001100000010010010
00001111101011101111011111110000
00001101111000000101101111101111
10100110010011010110110101010000
01011100101010011000000111000010
11001101111001000100011110011011
11100010101101111010101001100101
11000011111110111111001000000110
00000001100010010011011001000110
10001101101000011011111111100001
11010111010011101110111111100111
10110010010101011100010101010111
00000001011010010001110001001000
01000111110010111011010100111111
01000011010101010101001100100010
11001101100111001011101010001110
10101001010000001010101111000011
00100001110111110011101000100010
01001100110001001110000000001110
11000101100110100100001100111010
11100011110010000010010111001010
00001001110000100101111010011001
11101010100101110010101011001001
11011000100001011000111001010011
00100100101001110100101000001110
00000101110000110101001110110111
10010001101101000011101001000110
11101000010010111000100001110000
00100100000100100000101100001011
10100111001001010100101100101100
11011100100110001001000011010011
10101001000111000101011000010010
00000101100101000100101100011101
00111011000111000010010111100010
00110001010110011110001001011001
01100101100101101011011000111100
01100101111010000010000010110101
11011011000111010010101110100010
00000100001010110110101000010011
11110110110010001001001111001011
10011110000011101110110011001101
01011100000000011001010000110110
11001101100010011000111011011101
01101110111011000100000000111010
10001110100111110111010111111101
11101011110101011000111011101011
10011111010000000100001101100110
10100010111001011000101001010001
10110110101011001101010000101101
10001100001100101100101111001010
00111000100111000011111111101111
00011001011011010111011111111101
01011001101010000000010111000010
10001011010111101110010010011110
10110001010011001111111101000101
11101000100001100111011110100101
00101100010000000100010111001001
01100010010001001111100101101001
11001001001000010000000001110110
00011110110010111111101110101000
01001011110001100101101100100010
00110001110011000001001011001100
11100011110101001011011111111100
10100010101100000011100101001100
00101111011111010110110100101111
11001000001001110011101101010100
01010000011000110011111100101101
00010000101000001010000111010010
10010001111000100011000110100000
10010001010101101011010100000110
11010110000000001110011100111111
01011111000010000010101100011101
01100001101011111001010001001010
10001111001100011001011101010110
10010111001100101001110010110101
11100000101000001001000010010110
00011101111000000111110100001001
01000100100100011110100010110110
01001111110101111110111101010110
10010110010111101001101010100111
11001010000000100000110111110100
10011110111101111000011100010000
10100000011010010000100100000001
01011100100000111001111000000000
10010100110000111111110010001110
11011110011101000011010010101000
10001111000100010100000001011100
10001100100000011011010110001100
11101110101010000111001011101111
00010000001101001001100100100000
01011111100101011001010110101100
10101110010111110101010011001000
11110010010001010101101010101100
00011001110001001010010001011010
10101111000100100010100011011010
01100001110000101111101000001111
01001000111101010110000011000110
00001111111110111110010101101010
00000001000100100101001110011000
10010001001000011001101100101011
11001001010110101001110001010001
11010101000111000000011000010110
10001111111110011000110110101101
10100001110110011110100100111011
10010010001000010111100000110111
00011010100010011101010111011100
11000000111001111101101110000111
00101111001111101111000001100111
00111110010101001110001000111001
01101011010000110110110100011001
01001000101111110000100000001111
10010101000010000100111001001000
00000011010110101001101111001011
10111011110010111011001111000101
10001100101110111110000011001111
10111111001011000010010001011100
01011110100101100110000100110001
01100011001001010010110101000001
00110110100011010010000000010111
00101010010010110110000011010100
11001101011100111000000001010001
00011000000010001001000011000111
11101100001101100010100111111111
11110001010001001101100100011100
00110001101111101100011010111011
00111010000111111101110000000101
00111001101011001010110110101010
11011010011101111000100010001000
00101011001001011001011100011110
11001111111111100111000010101101
10010110011000001101010100101001
10110001100000111100101000100110
00101111011101100010100101001100
00101111111110000000110000010100
01000100010011001011101011011110
11000110100101110111100111110111
11101010110110101001101010011001
10100000011010101110011010001000
11100111001011110000101000010100
10110110110000111111000011110100
10100101111001101101001101010110
00101001011111000111010101111000
00101010110100100100100101010000
01100110001111000110000100111111
00010101100001100101000011001100
11001111011100011111111011000111
01000011000001101100111001001110
01100111110100010000011101011010
01011011111011010110111110110110
11100111110011011110011001011110
10110100101010000110010101000001
10111010001111100010101001010011
00101010101011101011110010101100
11100111111000011101001000110000
00111011011100011111101011101101
10011001100011110111011010010110
00110100000011100000001110100010
01000110010111101001001000000001
10111111101001110010011110111111
11100110110000001000000101000010
10111001100101100011100000011000
01011010010110100000000000001101
00101000101000101100101011101010
01011111011001110010111001001001
01011011001101100010011000110101
11010111001001111011100110101100
10100000101110101100001011011001
00111101000001011111000010100010
10010101101100110010010100110100
00100000110100011111010000110000
01100101111110101001001111011001
00010010110110001001100101010111
11011010101010001001011110110101
00101100000100100110001100010001
11011110111001011101011001111111
11001011100011010000011111011101
00010111110010100001011110110110
00101110011010110100001010010100
11110011110011101010000000001000
11010000001111010101011100110010
00110001111101100001111001101001
10100100110110000011011101101011
11110011101011001111000001111011
11001111001100010010010010111110
00110110001000011110100110111101
01101000110011001001011000111000
00100111000100011110111110100110
01001000001011010110010111110110
11101100000011010100111010100111
00011011011100000101110000100001
00011000000101100011100011111000
10100111010111110111010010011101
11010000011000111111101101111110
10010000000101110100011110000010
10100010011000010010100101111001
10011101011100001101100001101001
01100011101011011101011101001010
10110001110010000010010101011101
01001010011010101001000000011001
01001001101011000010001000110011
00010010111111010001111111000000
01100011001001110100110001110110
11011000001100010100010100000101
11011100101111100101110010111011
11101110011000000001011101000000
10110101010001000010010001100110
10011110000101001001101110000111
11101100100110011010100111111010
10011010111101000001000011001011
11010010000001001101101101010010
10001100001001101111101010111111
10110100101000110101100000101110
00011010101000111100010100110000
00000111011110001010101011001110
11110110110010010001010111110101
11001110000110110111101000000100
10110001101110110111101011101001
10100101000110101100101111110100
01001110011110110010001110101110
11001011011100011110010101101011
11001011011001010000101101110001
00100110011001100011111010010000
10011000111010011011111100001110
00101011011111011111011000001101
11000010101000111011111001111111
10100001001000110110010101001010
11110111000100001111000000000010
11011001000110100010100010100001
00000000000001111000010000100000
00011010110001101111001100100101
00010111110000001000100011001101
10100001001010011010101000011100
11000011010000010100100001101000
11001101011110100001000100100110
01011100011011001011010011111001
11110100010000111001111001110001
10110011001001100101010101010010
00111001010111000101011001011101
10011101100010110001000011111101
11100110001001110010011100100110
10101000101101101111010001010010
01100110010111111111011000101110
10101111111000000111100000010011
01101101100110011100010000000110
10010010101100011111111001100110
01011110001101011101010001101100
11010111110110101101111100011001
10110000111110001001110110011001
10100001111110001110111011001000
10110011011000011001001001100111
11011100100110111011110001101101
11001101011001101100111011101100
00111101101000010111000101000011
00001000110110001001011011011000
01011011001111011000001111111101
11010000010001100100010101100000
11101110110110011110110011100010
10101101111011000101100011010000
01001110101010001001001101011010
01001100100000001000100010010100
00010001000011011101011111110110
11011111110111010001001011001001
00011010110100111011111001001010
10110101000100001001110101011110
01010010101101100111001100001000
10111110111100101010111001110010
11010110011001110011000111010010
00001010011010110101001100110011
00101001110010110101000110101100
11110010000100101001010001101000
10110110001011110110011101100001
10111111101100110010010011011100
00100000011101110100010000100111
10010011011111100001111011110010
10101011010000011101011010001010
00000010111110100011110100110110
10100001001110010101101000011111
00011110100001101000100101011100
10001001011001000001011011001011
10101100000110110011010110010011
11100000000010011001101110100101
10101100000001110101010110110101
00100110111101001010001010111100
00011110110010101101011001000111
11001111011000111001001011010101
01011010011000111100000001101000
00011010100000111110101101000100
10011001111000111001101110001010
10011101001100000001001110011101
10010010101111110110010001110110
00000011010010001011000111110101
11011111011110101111000101100010
01010100010111111101000101011111
00010010100011110000111111101010
00010000001000010000011111011110
00001111111011010001010010110110
11010110110000010011011110010000
11010000110111111010000010110001
10010000100010001011110100001100
00010000110111001011001000100111
11101111111000010000111000000000
10101110110001101101110110010100
01010110000010011100011111000110
01101001111101010011101111010001
01000001000100000000111101000011
01011110001101110101110110000101
11000100110110010000011000101010
00011011001101000110101010100111
11011010011001111110001101101010
10101000110110110100110010101110
00011111001111100001011000100110
11000001001000001000000010010101
11000011101000110110000001100010
01000000011111001101100101101001
11100110001100111010001010110011
11000011100111001110001001111001
11101010011000001100101001110000
00111000000010000011110101101010
01101010101010010000110000000010
11100100000100010111011111011000
10011000110011000010100000000000
10011100000011100111011001011111
00000101100100011111110110100001
11000011110100100010011000000011
00100001001101110111101101010110
01101101001111000001111111101111
10110100001011101001001001111110
00101100011111001000111100011101
11100001101000001100111010001100
11100111111111010111101010100101
11101100101011100010100011100101
00111000110101010111011011100111
00100011011110100110001110101001
11011011000001010101100110111010
00011110010110011110100001001110
00011100100010011011110011001000
01101100111111110101000111111111
10101011011001101100110011101010
00111011011100011000100111001100
10111100111000011010001100010110
10110100001000011111000101010011
01001000010011011011110010111100
01000110111111111110001000000000
11011100000111011110000011011100
10001100100010001001011101011110
01010100100010001100011001101100
10011010000110110000011111011011
11100110100110010011101101001001
10001111010010000010000111111110
10001011101010100010000110100110
00100111000111010100100100000010
01011011001110110000100010100110
11011010000000010001011000111010
01101111101000101000011001011110
00011101111010100011111100001001
11011011111111110010100011011101
11011000101000111011001010110001
00011000111011000010111011000100
11100001101011011010111011101000
10001001101001010011111010100010
10010100101111110010111000011110
11011001111010001110100011000110
10110110000011011001110110001111
00011001100110011000010100011001
11001010011110011011101100011000
01101000011011111100100000000011
01011001110000111101010111010110
11001101110000001010110100111001
11100000111101110011001010111111
10001010011101101101000001111000
11001010110100001001111000000011
00001010000000010101101101001000
00010010010110001110110000011111
00000010011011001111111011011010
11001010101010010001110110110111
00111001110011111111001011000010
10111101110100110101100100010000
10010001101011111001011100111111
11011000010100101011011101000100
01010011100011100000010011010011
00100101011011001101111000111011
01010001100111011110010110010001
00010001010100011011010110001000
10101010011111001101001100010101
00110010011101011011101001001101
11101001111001001010100001010001
00101100100101110110010000011100
01010001001110110100110111110010
11110100101101111000010011011000
01100011100100101110001011001001
10001000001111110001110000101110
00100111011010100000010100001100
11010100111000010100011100000011
01101000100101110000010001110110
10011010011110110111101001010011
00010011011011101000010101011000
00010001111000000000011011010100
01100000011100111111110011010110
00000111110000000110110111010011
00001100010010010111111000001111
00000111001011100000001000010111
10110011101110100010111110101010
00111010011000011010100010011000
00001001011010011100011001101000
10001111110000111100010011011100
10001001100001001001000001111110
01000101111100111011010110011111
01001000000010000001011000110110
01101110100100000111010111001101
01000101111010011010111000101100
01100011001010010110011110001000
11001001001001011010111001101100
00001111011011111000100001010000
11010010000111110001011111111000
00010000101001001001100011100001
10001011000100111110001101000001
00110010111111110101010001001101
01000101000100100000110010100000
11001010111011010110000010110110
10010000010111000010111110111111
11001001010111001110111100111101
11001011100101001100000110111000
11101110100010010010000000010111
10001001110100000000001101100101
10101000000011000001011110001011
00100110101100100010111011000011
10110110010000000001110011001110
10010110111110110010000100001001
11110001101000000110001110110101
11100111110000001000101011010011
10100011010000100000011110001111
00101111001111011100111100100001
01011000000001100000100011100001
01100001000101010111010001101111
00111011011101100110001001100010
11001010110000000101011001011110
10111111010011100110100101100010
01010011101110011011000110111100
00011100001110110000100010100110
11101111000101110000101110100001
10111111101101110100100000110100
00101111000011101000100100100000
00010110000011000100110101100010
11101100010110010011001000001011
10011100110010001101000010001100
01101100101100111100101010010000
11100110011100011000000110011000
00000101110100110110000001110111
00111000110010111110001001011001
10011111110010110011000000010011
00000000001001111010000000011001
01001110000110111100110111001001
01100001111001101000111101001011
10100101011000110101100000111100
10110100101110001011000010101000
00110010001110000010101001101111
10011101000101010010000101100101
11110101001000011101111001011010
10001111100000001010111111000111
10110101010100010001110111100110
10011101001011101100001101011011
00001010110011001110101101001101
01100100001100101110100101011100
00101110010100100001011101110110
10011001111110001110100111010110
10101101000100101110011100000011
00111011101000110011001001110101
00101001110110011011001010010010
11011100011001100100101001111101
10101011110001111110011100001101
01000111010001001011101010001101
10001011001100111000111100011101
01001110000110101011111100010001
11000011010110010110011000101111
01010100000110001100010100100100
10010001001001011000101101100010
00011010001111011100000110010000
01001010100110101100111101111110
00111110100010110000101000001001
00101110111011100011100011001111
10011010110110110001100001010110
00001010111010010100010011011101
00111110000001101001110001010101
10101100001000101100110001110000
01010001111100001111000101111111
10100101010110010101101100100100
10011010101101010101000100100100
00000000010110011100000011110011
01101101010111110011111011011000
00010000100010011111111100011111
11000111110101101011110110000100
10001100000000011000010011011100
01010011011101000001011000111011
01000000111111000110100010011110
00010111011111001010010100100010
00101010101111111010001011111111
01010001011000010000100100100011
11010010011000001000100110001100
11001111010001011010000010110101
10100001010101100011011011111111
01001100100100111101011000101100
10110111110111010101000101100100
10111100101010001010110000000010
10101001000010101100010000111001
10101100010011011010100101100101
00000001111101111011111000100101
10100100101000000000001001011111
01100011100100000101101111010111
11000111011000011000001101001011
10101010001101001100010000110100
00010100111001100100010000001010
01011011101011011000111001001011
01101100000101001111000001110011
00101010010111010001001110000010
00100010110111000101101011101101
00000101000010001111111010010011
11011111110100101111111000111010
00110000010000001110010101010101
11011101101000001111010101101011
10001110101000101111101000100101
01011010100110011010000111001011
10110101011100100101111100011010
01000001011000010001111011101001
10011101011100110000011100001000
01000111001100001010011111111011
11000111110100010111101001111111
11001011010101111110100011000000
01000011110110011101000100100111
00111000011110100101011001011011
00001101111111011001100111011110
11010100100010111100101110100101
11010010010011111101011101100001
00110011111001101111110101010011
10110101001100001011110111101101
01011000111101011111100001100110
10110110110011110001100000110111
00110101101100001011100010000100
10010011111100110000001010100011
10101001111110110001001010110101
00011011001100011000101000010010
00111011111001100010000111010011
01011111010100100101010000110111
00010111111001110111101110000110
00011101011001001101101110110101
10111101101000100110010110001110
00101001111110111000000100011000
10011001111001111001001011110001
01001110100101001100010100000111
10111110001110011100111100111100
00010101011000111101011010010011
10010011001110010000010110110011
11000011000000000110000100111010
10111010010110011011010011110011
01100001100100011101011000010000
00000011101010110100010011001010
01010011010101010110001111110011
10011100111011100101110000110011
10111100000011000010111001000001
00000100000111001000110000100100
11110101100101011111010010110110
10110100010110010011010010111011
01010111111100001010010110101001
10111101000011000101101001010110
00100111011010001001101111001110
11001111011101001101010010111100
