00110000100100001000111111101101
01011110100101010011100111110010
00011111100011101000111000111000
10100000000101111111100011011001
10011110111001000000110101001011
11001111111000111100100101000101
01000111011001111111100011011111
10010001010010101111000100001010
10101110001110001110010101100100
11000000110001000000011110101011
10110111100011001101011111000000
11011100111110010101101010000100
00000101101101011101101001011101
00110101110010101100101000110010
00010101001011001010110011100110
10101001000111001101101000001100
11011001111101110000100010100110
01100111101011011011000001001000
11001111100100011010101110011111
11000010101011011101111110001100
00110110100000111110110010100101
01011000101000100011100010101010
01101100110010001010010100011001
10100010001010011011101111101101
00111101000000000001000101011010
00101001101110101100101000001110
11110110011100100101110101000011
10001010011110111110101101100100
11010001011111010011000101010101
00000000100001101100011101000011
00101000011001010001110110111001
01010101010110100100010110010101
01011101011010100101011001001010
11101111100010000010001101111101
01001000000101111000111011010001
11100110011101110001110101111100
00000111000010011110111001101100
01011001010100101111001110101001
00101111100110110010010100000101
11010101111111101110110100101001
00000000000010001001101111101110
00110000100000110111111011000100
10100110101001011100110101011011
10011101001010000111100101010010
01000010110100110000010101000100
00111110000001010110001011111011
11000010000110001110111110111011
11001001001011000011001010111100
11011100011110000100100011111101
11000010011011101000011011111011
10111110101100011100011000010011
11010101001000111100110100010110
00111001111000010010000010111100
01000100001100101010001101010100
00100111001111011000010111011000
01001001110111101101100111010001
00000100011011000110101011110111
00011110010101010111101001001010
00100101010100100100110011111100
00110010111001100101110111000110
10100101100110000111011100011000
11000010000110111010111111110110
00000100111110011001001111110000
10011011111101010011110100100010
00101010001000101000110101111001
01101111101101111001100110000110
01001000111000010001000011000110
00011100100010100110101010000111
00001111111000110010000011101000
10011100000101010011110110101011
10011000101001110011100111111000
01001110000010101001100111100001
01011101001001010100011000010110
11101110000110011001001110001101
01010111010001100011011011001100
10110100000000000110100111000101
11001010001111001000101111001010
00000000010000110110001111101111
11110011010100000000000101000100
10010001101011011001000111110001
11101111110100011010101011101110
11100111110110010011111010001101
11100001101011101011100001011010
10110111111100000000000011110101
01100100110100000111110111110100
10101010011010110010110000100010
00110111110001011111011110010111
10110111000100001001001110001111
10100010101101000011101001000100
10101010101101100010010110001110
01101011001111011010000101100001
00011011111000101111000111010001
00001110111100001001111100110001
00110010000110110100001001110011
11000010101011001010011101011010
01101000010001100000101111010110
11100000110111111000000100101010
10011000110001110111101000110101
01000101110001010000001101000101
11010001001100001110000100110010
01011110011100101001011001101111
00100110111101100011001011011110
00110011111111110110011100000111
10110000001011101110010101110010
00010100110010111101000101010010
01011001010101110001101110000010
00011010111111101100000000010100
10011000000111111101101000010000
00000000101111110001001011110000
11100101000110010111110101001001
01000001101111111000011011001000
01011001010100011100010000111110
01000001110101010001111101010111
01010001000100010100001001001100
10010000011001100101010010001111
01000101001010100011111111000101
00000111100010100111111101010101
01001011000101100111100101110111
10111100101100000101100100010011
11110000011100111110001010010000
00101110001101100111110100101000
11000101001101110101100000111101
01001100101010101001001100010101
10110000110101101011000010110000
10001010100010011100000011100001
11011101011100011010000110000000
11100101110111101101011001011011
11100010011111111111101111110011
01010100010000111110110000110101
10110110101010101110110011111110
11110000110101100010010011110000
10111110001000011101011011011110
00011001110011001101101010100110
00011110010010100111110111111010
00100010100110111010100000001001
01010110101101010101100000010110
01100011111101000111000011000001
11001110110111100000010100111011
01010110100000111001011000000001
11110010001101100110011000001101
11001000110111110110010111000110
01010011101000101111010010010111
00010000000100010111101110010001
00110101101111000011011011111111
11011001100100100100100011100000
11001000010010110011011000000110
10100100101101001011010011001001
11010111100011010000000101111011
00000110000010110011010001000110
01011111110010010001000011000011
00111010011101010001111100101000
00011011011101001000010001000001
11000111010010001010011111101100
01100011100100110010001100000110
10110001111110100001001001110111
00010111110110010111101000010101
10110100111111111111011011001000
01001100001110110000111111010011
11101110010001101101000101001110
11011110110010100011101110110011
10010100100000110000110110010001
11001100100011111101100101101111
11010110110101110001001100011100
10100110010110011001101111101000
00100111101101111011000110010001
00010100001101110001100100001110
11011010011110010111011010011111
00110110011011000110010010001101
10100110011000000011110110101001
10110100111010110011011111100010
11101000110000000111000001011011
10101000101111111101110100100101
11100101101100000100001001110100
01000100010011101010010111000000
01011110110100111110011110100111
00100001100101101110110011110010
00010011111111101100110001011000
01001000010110011010110100000100
01001000011010000011010110111101
01100111101010011001010001110011
11011101100011110001111000001100
01011111100110101111101011001110
10111010000000110001000001110010
01010011100010011011110111111011
00001110001100111010011111001111
01000111001001011111011110111000
00000110011011011101101000111101
01001011100011001000111100010111
00010000000111111100011101111011
00010110110010000111000111111010
10010100011100010101101000011010
00101010011111001110111110101100
11100011101100011000101011011101
11000001011110100110000111010111
01100100001011100000010110010111
10011111010010001110011010001111
10101001000100001111110010000011
00110011110000000100110001111100
01011110001101011010011111110111
01001100100110001010000000110111
11101010001001011111001100110011
01011001011111100011101110110111
10011010000001011111010101111011
11010001001111010111010001100111
10011001110101100100001110111111
11101000110000101110010001111011
10101001111111101100110001001100
00010101001000011111001101101110
00111100000000100101110001101011
00000011101111110100000011010110
10110100010010110010000001101111
11011000111111110111111100000111
01011111110101000110101110010110
00101111100100010110110111010000
10111101110111101001100000100101
00001101000000011011011011110110
01101001011111101000111000001000
11010001001111001100110111011001
01011101010001011111110011011110
11101011011000000011110000001001
11001110101101111101100111100000
01000010001010100111000011111000
00001001010001001001011001000000
10111110111001001101100101110010
10010000011000110101001011111000
01010000010101011111111001101100
00000101010101010110010010111111
00100011000001100011111110011111
00110110010100010000100010110111
00010111011110110111000011001010
11001110011000001000100101110010
01001010010000011001101101110000
00100000010111001010001011010010
00000010001010101001110011010111
01011000010010101010010101000010
11110110100110101100011010100010
11010000100100011101000001111110
00100000011010011111011111101100
10110011000001010010010010000010
00111011011101110001010011101000
11000101110010010111100110100001
10001100101010000101010100011101
00001111010110110100111001010100
10110110010011100100101000111000
01000010110001100001111101101101
00101010001100011001001111010100
10001001000110001000110101111100
10110111011110100110110111011011
01101101111100111000110111110010
00110001100011101111001001100101
01010011010111111010101111110000
10110100101000000010011001101001
11100101101011011000011001101101
01000101100000110111100111111000
11001000011100010111001100110111
11110011010110000010001111001000
00101011001011000101100100100000
10011011000110110111011001101100
11110110101000010001100100100101
11001010110100110000000011000101
10101011010101100000000100110110
11001101101111001010000101000001
10010001110111101111101000101101
00111010101101101011101101110101
11011010110101111101010110011001
10011111100001001110001100100001
00000011001101110011101001001011
11010101111000101100100000010111
11000001010000100101001001000010
01011101001010100111111010111011
10001100000110000111010000001110
00100000000101001001001000100101
10010001101110000101010100011010
00001011010110001111110111110001
00010110100000100100100011001101
01100010000111111011011001001101
00000010000100001001010100010100
11010001110011110010110010111010
00101011010001111010001000110111
00010101111001000010111111101000
11110011110101100110110010000010
10110100111110110101011011110000
01100011101011000100001110110100
00010010011010001000101001111000
00000111001111001100111000111000
11110110001001011110110111110010
01001011011011001101000101000100
00011000011011011111111101101000
00001111101101001110000011001110
11100110011000111101010101101001
00010110111110011100000100100111
11000111000001111100111010000011
11011000001000010101100101001110
01000100110101010100101000000111
00100010101100011110011001110101
11101010101000110100101010111110
00011110110000100100001111101010
10111000100011011011100110110111
11010110000011100010010000111101
00101101110010101000110111000100
11011000000000111101110000000100
11011001101000011100011101011011
00111110000100101100100111010010
11100010111101110011101100110010
11110101101011001100111010101101
11101111101111010010111101001111
11110100001110000100111000101100
01010100010001111011100110011010
11001100011110111000111111011110
00001011000000011011101011110010
10111001111010111011000100100011
11101111111011010110011110111101
01101101100000011101100010101001
00010000110101111000001111011111
00001000011110111000110010101000
10011000010010101101110001111010
00100110001001111000001011111110
00100110111011000000011011000011
00011110100010000110100110010100
01101100000000000100100001000100
10111111010110110101111011100111
01011011100010000010100000000110
01101010111110010000110100110100
10010001001110100111101101110111
00001110001011001100111011010000
11010101000011000101100010000111
01001010000001101001001000100001
10010101001100010101100000101010
00111101110100100111010111011001
01011011010001001001101001000110
10011111110010101001100001101001
00100000110100010001011111001110
00101000001010100100010110111100
01011010010110000000100110000010
00000011100110110101110011110010
10110010110010010001000011000110
10010001000110100100110100010110
11100100011010111101100000010010
00000010010111101011110111011101
10011000010100100001110101001100
00110110110000000001000010100110
01001111001100000111011100111011
00101111101010010111101111100000
00101001100101000011100110110011
01101011010010101010110100000010
11011100111101100101101101101111
01000111101011110011001101110101
01010101110100000011111100010101
11011101100110111111101010101011
10111101110110110011010001001101
00111000001101011110000101010000
01101110101100111100001111110010
11100011011111011101110001110011
01010000110001101001001010100101
01100000010010100111100010000011
11001000110101101101011111010000
10011110011010110101110111000011
00010110110100111001010110111010
01001111010100110001001001101010
01100010010000000111100010001110
00110111011111100100111011010110
01011011110100101111010101110101
00111111100100101101101010011001
10001111011101000011010101100100
01000100111110111000101101011010
01001011010010011011011101011010
00100010100001100110000011011111
10101001000011110111111000110001
01000101111111010010101011100110
11000000110010011101010101010110
11011010100001001101100000110010
11110000111001010100010101001110
10100001100010001000011111100100
11101100110100011101010001011010
00011000101001001001111001011110
00001010011111001000010010010101
00000010110100011001101110010001
10110100110001111000001001101000
11001100100011001010010101101011
01101101011001011000111000000000
01001000110000001000101011111101
00110110000001101010010001111011
00011110011011110110110100011101
11001111101111101000100110101100
00101010011010101000100111101101
00100011110010010000111101110011
00000000011111011011111001000100
11001000011100111001001110000010
00110100101101101000101100100101
10011110010000000000001011010110
11010011110111100100000111111001
00110101110100010011010101000010
01011000111110110010101100100100
00001111110100101100110010101110
10111100101000100101000111000100
10101110000001011100100001100000
10100010000001011000000001100111
10100110011101101111101001001101
11100010010100101000010100110101
11101000010101111010000101101000
01011001000101101101001001010010
10101101110111111000110101000110
11110110001011101011110101000001
10011101111001000001000111100001
00001001000001110101110100001110
01001101001110000111101001100011
01000100111111000001010000000010
11110101111111001011011110101101
10110001100100100010000010111001
10100000001000111011001000110011
00010010010011101101001000000111
00011100001010111010110110111101
10110101110001111001010101011001
00001010011010011100111100011110
11011100110100011100010011111100
10101110011010110100100000110110
00111100101100101100010011100000
11010101000000011110011000011010
01011111001100111010110110000011
01011110010001010101000010101110
11101010100100111111010011001111
11101101010010010000110001111010
11101010001101011101000010110000
10100100111110000000110111000100
10010111110001100101111110110011
01010111001111101111100101000010
10010110001101110111110100011000
11000011001010000101001010110100
00001100111011100101010110111001
00100111010110010001111010000100
01001110000101010010000000100101
00100001110011100110100011100110
01100001111111011110110010111001
01100001100011111100111001001110
00111010101110110011111110001111
10001011011101000001000000011100
01100010101100010110111111110101
10011111101110001110011110111011
11001001111000000010010000110100
10110111101010001101000110101000
11100011101101010101010100010111
00110101101001010100011010111100
11011101011101110101101100010000
00101001111100001110011000101010
11010000000101010110010000011110
01101111001110100011000100111111
00001111010001101101111011110010
00110010000011100010001011001110
00110111111110011110101010010000
00000011110011101010011000111011
00001110010111110001100010010111
00110001110011110010111111100010
10110101110100011101101001010001
11101000111001011010111100100111
10111011011011100000100010101101
10110010110100110101000010110000
11100011110011101100101100000110
10011111011011011000100110101001
11100011110100000101000010011101
00100110111011000001100001100101
00011101111000011111011101100011
11100100101001010011100101101011
11101000110110101010100011101100
00101010001101111101100001101000
11010011010111011110011110010111
00100100010110001000110011111111
00110110101111011011111101010001
11001111111110100000000001111101
10001000000110001101111100000010
00110110011101000011010111010100
01000011000000110101000111100111
01010100001001000000010001101111
11001111010110011110100111100110
11011111110011001010001000001110
11100000010100011100010001001101
00100001000011001010100101001100
11001101110000110101100011010100
11101000111001011110110001010010
01010000101000000011000001000100
10010101011010111010110000010000
01101011101111101000010010110000
01011110000111011110010000010000
10110111011001111011101001001111
10110100011111111011000111110001
00110110000110011111010101001010
01100100011110011010111100110111
00100010011100000101111111000100
00001010100011110010000000101010
01101110000000111001101001001101
01101010000000000100000101010101
11000111111000001110011100100101
01001010101000011111101100011111
10101110110110010111110011101100
11000101010010111000001110111101
01100011011110011101111000100111
00001000010000100111111100000000
11010000111101011010010010111110
10111111001001110001001110011000
01100010000100101010101000011000
00010000001010101111011111111011
11101010011100000111001010110000
11101101010101010000001111110010
11101001110000111010101101011001
00111011110111101100010001001001
00100011101000100011011110000011
11100011100001000000111001000000
00110011110010011111110001101011
10001101101010011011111000001001
11000011011100111010000101000001
01101110010101010000001100101000
01000100010100111111011001011001
11000000111111100000001001110001
00011010110110010011000100111100
10010010100100101000011010010111
10111011101111000010100110111111
00110101101110000010010010110110
10001101111101011110000011100101
01101110100001111101001001100101
01100000100000110100010100111001
00010100101110011110110010110001
11010110100101101101010101101011
11001010111100000000100111100001
11010100010001111111110011010010
00001011000101010101111000000011
10011111011111101101001100011101
10101010101111100100000000100111
11000001001110101111010001011101
11110111110101001100011110101010
00111110000101010111010011011111
00010010100001110011110010100010
01000001000011001010001010010101
11010100110001101001110110101001
00000000100011110000000001101111
00010011011101100110111001000011
10010001100011000011000000000010
10100001010111100100100000110110
01000111000011100010010110101010
11011111111100101110111000101101
01100010001000110101010010101001
00101110001010001101001000111000
01101001000100100001010010000010
00010110110010101001001111010011
01000000010110001100100000110011
11001100010111111001000111000000
10010111110110111001001001010110
01011000111000111010000101100100
00111000100111100101101110010000
00101011111011100111010101110110
11000010001110110011001001000010
11010100010101100101010000011011
11011011111011011000010011111101
11100000100111011101011000010110
01100011101001001101111001001010
01000111110010101101101100100101
10101110111010111111001101111111
11110010110011101010010111110101
11011110010011101100111111100101
00011001001111000001100111010011
00111011101111110000110001111110
00010011001101001010010100011001
00011010110100101011010011110101
00100010011000111101010110001110
10011011000111100101100011110000
00000010000100010011001000011100
10001000100001001110001100010111
01101111010101011100010000000110
00010011011001100011001110100110
11001000000100000101111100100001
10111101010111001101111010010001
11110000101011110010110010111000
10110011010101001011110001111010
11110001111001100111010010100101
11100001110111100100111001010000
00010100101010010010101100110000
11010101000101100110101111101010
11110101101100001010110001000000
01011011110111011000001110111100
00111001100010001001000100101001
10101100111011110011110000011111
00101101000011010011111000010101
11010010110111010000101000010001
01001111010001111011110011000101
01001100101011111011100010001100
11110010010001100100000101101110
01000111010110110100010011001111
10111100011110111110101011000001
00010110000000010001101000010100
10001100001101101000110100100010
01010101000001010001100101100100
11100110101110001111011100010000
01010001101001011000010111001111
10110100000001101110010111100000
10011010010110001101101110011001
10101111001110001001000101100100
11110110111010111100001100111010
11100000110101100100001100111101
10011010100100000000000001000011
01100100001100000110011001010001
11101110110010101011111111100100
01011001011101111111111000100111
10110000111010010100101101111010
11000001111110000110000000001000
10010101011011011100111100011110
10110011110000011001001001010111
00111010110010011000000101111101
00011111011011101110011000100111
11101101001000101001001011010011
11010111111111100100101101010101
00011010010100101010001111001100
00010010000100111101110000000000
00011101111010011001101000011010
11011011000111010010000011101011
01010111101011111101110110010100
00101101010101101100111100010110
00101101100010110001010000001100
11101101110001110100111110110010
01000001010101000110100101010100
01011001000100000111010011110101
10100110101010010101001111011010
00001111110010100101111001010111
10111111011011001110001111010001
10010110010101110111001010100010
10100110100000011010000000011000
00100010011110010011010001000111
00111000010111110010111001000111
01000010011001010111000100000001
10100100111110100101000101000001
01100010010001100001100111111111
11101010101010000000111100010000
11000101110110101001100011111010
11010000011011011010111110111100
00000110101011010000101110101100
11000010000111011011010101011111
11100110100100001110111010100100
00000000011010000100001011100111
10110001100011100000011111110110
11001000101101001011001000001011
00101001011011011101000011001000
01101001001000010011010010001111
01101111111011111111000001001111
00000000110100000101100000010010
00011000011111110101100001100101
10101000110100000000101010110101
00010100011000101110100001110000
00111001010101110001111001010101
11100010110110011100101111101110
00000001011010101111101110100000
00101000010000110101001110100110
01101001110011101110001010000011
00001101010010100011010100110001
11101100101010010100111000000001
00110101001101011010011010100101
10101010110011001110101000010100
10110111010110000110000010011111
00111110101010110000111011100100
00100010010100101000000010100100
11010101101101001011000111111000
11110100010010100111011101010100
11011010101011001100110000010101
10010101010010110110100100100011
01101010011011010011000110000100
01011010000110010111010011101011
01101011101000010111110010100010
00100100010001001111000111110000
00001100010101110111101001111010
00000010000010000011001001001101
01001101110001101000001010001001
11011011110100000011110000101001
00010010111000001011110110011101
11000010001100001100010111000100
11101010110110110000100011111001
01000000100010110100000010010101
00111111100111101101110111110100
11000010000111100110111110000001
11110010111011011010100111111011
10100101111011111101010110011011
01011001000010001011110101001101
00000011001110101110101110100011
01010101100110100000011000011011
00011011101100011010110110011010
11100011010110101010000100101110
10110011000011000001011110011100
00001000011100100101100110100110
00110100110100100101011000000000
00011101010101010000110010000100
01000000111110100110100011000110
11100000110111111110000111110011
00101110000001111001001101110010
10001111001000111010101111011101
00010100101101010101000000000011
10101101101001001001010100111010
01001100000110001011000010000011
11110111100010000001100101110010
10001000011100101011001100110101
11000100111100101111100111001000
11001101000010001001100101111111
11101111100111001001100111100011
11101111000111111101010101011000
10100100111000000101000001010110
01101110110101111001111010101100
10100110001111000010011100110111
01100101100101111111111100101100
10111111111001110110001011001110
00110110010100101010110011011110
00100011001011101111101011000101
10010100011100111010000100011101
10100001111100010000101111100111
01011010101100101000111110100000
00110001000110111001101010110111
11011101010101011011101000100011
01000110100001000011100000100011
01101010111111101111001001000101
00111000111111011010110001010101
11101110100010111001111011001000
10110111101111100000100010001100
00011001110100111110000001111111
10010110111110101011001110011110
11110001100010000010000101001101
00111101000001010111000100000111
00001100011101100001000111011100
11100110111100100111011100101000
10011011000110100010100010000000
00101110100101010001011010001010
01000100010101010101011000000101
11001011101010010101000000110110
01100011000111001110011100101011
00111000111100001001010011001110
11011111010100111100100101110100
01010011110000101101001000000011
00111001011010001101001001010011
10111011100000100111111011001001
10001111101110111000101111010111
01010000101110000100101011011111
00011010010111010100000100101011
11000111011011010111010110110010
10111001001101101111101110001111
00011000010101111000001110101110
00110000000000100100011100001000
00001000000011000111000000011010
10101101011000011100001010011101
10111110000001001100001100011001
11001001011100100110000001001111
10001100111111110010100010111010
00000100001101100000110111001010
11110100011000101000100001011010
00111101001101010011111000010111
00110000111010000000000011011111
10011000000000010010100010011101
10110110000011011101111011100011
00001010100011110101101000000011
00000101011010101111011100000100
11001110111001010001011011001010
00000010000110011100100100110010
10100100110010101000111101100000
10111111011101011111010010100000
00000101111000111101101010010100
00000000100100001110010000001100
00101001001000001110010111110110
01000111101101101100100110001010
00000100000100000011110101111111
01001011101111111010100011010000
11110000001100110011000101010011
01101010110110000000101100011001
11001010100110110001000010001100
11000001101010011001100110010010
10010101100101011001101110001001
10011010001100111000001100001100
01000101110011100111100100011110
01000011110001100111100000110101
00110110001010111000011101111101
10010111100101110010100011111011
11101111011100111011000101001111
10101010011011101100010101101010
10010110001110100110111010011010
11011101101011011011011100100010
00101010011011100010001011110000
11010110100000001010000011110110
11001100001100001010000000111110
10100000111010100100100001001100
11101010010101011101101000100111
00011101011001101101001100111001
01010010011011011101000000111011
01001010000100111110111001010101
00000000001101111111011001111001
01010111010110000100110100110011
00111010100110101100011001100001
11011111010100110001010111100101
10101011010010111111110101111100
00010101110001000101000001100000
00101111101101001111010000111011
00000101010101101010000110100111
01010110001110100111010101110111
00001100010111111010101001000101
00101100001001010111111011110011
10111010000110001010101111111111
01000001011011111100010111011001
00100100010111000001001101010111
01010110001011101010011001101011
11000001110110110000100101011101
11100001100011001011111011001000
10100001111001001011110001001111
10010110111110111110110100101101
00111110100110011101101110101011
11011110111100101001000101010110
11100011101101001101101100000000
11010111010000001001011111111011
11101101111101101111101111101101
10111010010111100100110100111100
11000111111000001101010110010101
11001111101011101000100000000011
10110011000100111000000111000110
00110101001110010001001101110100
11101000010011001111101001111111
00001111000010000011000001101000
00110110001011100100111110101101
11100101111010111010000011111101
11101000111010101001010101110001
00101010010000100110101101111110
10001010000110001111111011110111
00100011110001001101011110001011
11101011010010110000110111010110
00001000000011011110101110110011
00111001100110101001111000000100
11100000011011000110011010000000
01001110011100110101100110101110
00000111110011100010101100111011
00110100011101011011010111000010
11100001010100111100101011001110
11000110001111110111111000001110
00101101100110010100010101011001
11010110011111010110011001010101
10011101100000001010010000000001
01001110011101000100010101010101
11100011101100100011010110101001
01011110100111111100110000111001
00010001101000100110011110011111
01100000101010100101101001111001
11011110001110000000011100000110
10010101101101110001001111001010
01001010000000010110000010100100
11101100010111011101100011011010
00000000100111100010011110101010
11000111100100000111100010111001
00110001010001111000111100111100
00000001110111001001001111101111
11101011011100010110011010010110
00010101100111000101011011101011
01100101110110001111110001100011
00000111001010111110010111100000
00001010110000010111011110100100
01001110100001100110100101101101
10001001011000011010100100111001
01001111011101100011000000111101
00111100011110011000001001001110
00000111001011000010101010101000
00011000110100101101000000110101
01001000111100110001011111010111
10010010000010111100000001111011
11001001100010010101010101001111
10010111011101001110101000000001
10011001000010000001001011100011
10110000011101000001101110000000
11101001111100100000001010100001
00001010000101011110011001110001
01011111001010011000110011100001
01001011111110111011001111101011
00001101011101001010011001101101
01010000111100111011010101010101
00001111000100011001010011000100
01011010010101101000111011100011
01100011110101101000011111000011
10110101011111101100101010100011
01011010100111100001110001001110
10101110011100000110010100111011
00110111101111100001110001101111
00010001111001010100001000101110
10100001100011111000101111111110
11101110011111001100101100100111
10010010100101100010010000010101
10111010101011111101101000011110
10011000001110100100110111010000
11101110101001101110100110101110
01000010101010100110110100000110
01001001001101100111111001000011
01010011100111101001001111011111
00111111101110100000111001100010
00011100111010111000011001001011
00010010001111101000101111000101
00000101001011100001000001111001
00101101101000010100100111010111
00000011010001000100001111100001
11101111111001010001110000001101
10100011110001010100111110110001
01001010101101011010101110010001
00100011010000110100000101001010
01001000100111101001101111111111
01101111010011111110100011100010
11101000110110000100100100100101
01001000010011000110010000111010
11011011101101010011110001100100
00110100110101100110010110100101
11000001110010010011100000010110
01011011111001110001100010100000
10110101101101001010100010111101
10111110110010000100001101110111
01001010111111111110101100011000
00001100101110011100110000101100
11000110100000111111010110001111
10111010000000101111010110100101
00110001011101111001000011010010
00000101110100000110111111000101
10011100100101101111000101101011
11000001100100101101000100111011
11000010111001011110101111010011
10011111011110111000101100111100
10001011110110000001100100010111
01000001111101101100111110100101
01100000001011011111101111000010
01000001001110101101010101110011
10100010100100001000001001111000
10011001000111011011010100010111
10001000101111000010010000110001
00101010101010001110100110110001
01011011110100111010111000101101
11010001111000000011111110101011
00101010010111010100100110001011
11010001001011001011001011111000
00001110100100101110111101111111
00011000110010001010011100101111
00010010010111011011011100011010
10001101010111000110100000010110
00111101001001110110010010101111
11101001111010010111011010000110
00110010111001000100011111011001
00011011001110101000100100101000
00101010010110110111100101100001
11010100100000110010110100010111
01011010111111001010111010001011
11010101100101110011101000011110
00000101100111101100001110000101
01011100110010011111001000110110
01101001100000011110101000001001
11000000101110101101000110000100
00110010001110111011111011001100
10010111101101111101100110011101
11011010000100000101110010110111
00000001011110000001111111110000
01011010000111110001101010000000
11001001101011000101100101110110
00111001000000100000101111100010
01000000010100101001111100110011
00110110110011110000100010111100
01011101000011000100100000010010
10101101100001100010001011110010
11000010011010001111111001001001
10011010011011111101110100011001
11000100101111101010010100000101
10111010000001100011010000000110
00000010111101110010011101101011
11010101010100001100110100000000
01001001101100101001111010000011
11010011000000001110101101100001
10011110010110110100101100100111
10100100101000101010110111000010
11110011001001010110101010100101
00110111100110010011000100000111
10111010101100001001100001100100
10111101101000001001110010101000
00010000111100101010111011010011
00010110110000111100111001111100
11010000111101011111011011010110
01001010011011100101001100001110
01001001011000100100100111010101
11010001001010010010101101010101
01010111000000101000101111000000
11000000001011101101010000111001
01101011100010111011100100011011
00101110010111110110110111110110
11101101011000100110100101010111
11101100110001010111011000011001
10001011000001101100100011111000
01010111101110011010001101111001
00110101001011001011110111001000
01001101000011110010110001001100
01010001111111001010000010111100
11000111010110101001111110011000
10101111001100101010010011100100
11101100011001001010000110111000
00001011011100000001001000010111
00111111000101111000001101110001
01101101000110111010110100101010
10100011001000010111110110010110
11110101111011011010111000011011
10001111011010011101110110100111
00101101011110011000101101011110
00110101110001101010111100111100
00111000011110101011011011100101
11101010111001100011000110100100
01001010101111000011100111011111
00010100111011111001111101110011
00101110010101001001001110110101
01101001100101011000101001100001
11101111111100001111111000101101
10001001111101101111100101000000
01010000011100000111000011011110
00100110101010011110011100000000
10001101101010110111010010001011
11110110111000101001110001000011
01101110110111011000111000011010
10011100110011001100111001010011
00000001110100101000010000101010
00010001100101100001110010001100
10010111001100100110111000001101
11100110100011101001110010000000
10111010111011010001110010000001
10001010101100110011010010111001
10011001111010011110011001101110
00011010101100101011001110111001
00111110000100101101111011010111
00110101000100110010100011101001
00011101100010100001010000101110
00110100100100011001111110011011
11011000111011111111010001000010
10010110100100010100111110001011
